21.987454 663.939113 2.830302 7.299622 891893.267000 20.987454 -0.153925 
21.984866 663.929024 2.830310 7.299552 884318.420000 20.984866 -0.153925 
21.983822 663.928056 2.830337 7.299717 885801.930000 20.983822 -0.153925 
21.983584 663.929285 2.830297 7.299568 890641.840000 20.983584 -0.153925 
21.983308 663.928227 2.830368 7.299578 891050.147000 20.983308 -0.153925 
21.981881 663.929814 2.830303 7.299553 890813.864000 20.981881 -0.153925 
21.982023 663.930407 2.830396 7.299762 889495.417000 20.982023 -0.153925 
21.983297 663.930816 2.830401 7.299727 888878.559000 20.983297 -0.153925 
21.982343 663.932294 2.830275 7.299552 891705.027000 20.982343 -0.153925 
21.982189 663.929879 2.830421 7.299870 890741.066000 20.982189 -0.153925 
21.982124 663.926345 2.830437 7.299780 890968.528000 20.982124 -0.153925 
21.982369 663.927678 2.830342 7.299642 892972.440000 20.982369 -0.153925 
21.982250 663.928282 2.830396 7.299453 888268.989000 20.982250 -0.153925 
21.980619 663.928352 2.830286 7.299408 888575.008000 20.980619 -0.153925 
21.980308 663.932842 2.830343 7.299481 892699.261000 20.980308 -0.153925 
21.981205 663.931533 2.830364 7.299735 891125.028000 20.981205 -0.153925 
21.981190 663.929697 2.830387 7.299656 891384.353000 20.981190 -0.153925 
21.980573 663.929518 2.830342 7.299602 888262.892000 20.980573 -0.153925 
21.980186 663.929797 2.830339 7.299630 889642.563000 20.980186 -0.153925 
21.980610 663.931677 2.830390 7.299612 887452.082000 20.980610 -0.153925 
21.982630 663.930629 2.830288 7.299613 895463.562000 20.982630 -0.153925 
21.982717 663.929145 2.830273 7.299521 893887.337000 20.982717 -0.153925 
21.981928 663.927413 2.830387 7.299540 892611.747000 20.981928 -0.153925 
21.982969 663.928550 2.830349 7.299500 894457.823000 20.982969 -0.153925 
21.983101 663.927975 2.830360 7.299658 890084.274000 20.983101 -0.153925 
21.982428 663.926567 2.830296 7.299499 892110.358000 20.982428 -0.153925 
21.980435 663.930738 2.830310 7.299711 888314.159000 20.980435 -0.153925 
21.980207 663.890988 2.830399 7.299711 886775.518000 20.980207 -0.153926 
21.977484 663.925051 2.830294 7.299652 887737.829000 20.977484 -0.153925 
21.976734 663.924432 2.830318 7.299646 890759.155000 20.976734 -0.153925 
21.976098 663.925621 2.830305 7.299618 891608.102000 20.976098 -0.153925 
21.976982 663.925930 2.830277 7.299679 889579.528000 20.976982 -0.153925 
21.976480 663.925340 2.830323 7.299585 890138.838000 20.976480 -0.153925 
21.975890 663.928568 2.830376 7.299627 893066.878000 20.975890 -0.153925 
21.975721 663.925688 2.830401 7.299487 892370.031000 20.975721 -0.153925 
21.976263 663.926964 2.830299 7.299690 892955.407000 20.976263 -0.153925 
21.976524 663.926378 2.830389 7.299651 894229.295000 20.976524 -0.153925 
21.975486 663.924166 2.830338 7.299610 894538.218000 20.975486 -0.153925 
21.976799 663.929117 2.830373 7.299542 893028.787000 20.976799 -0.153925 
21.977085 663.927198 2.830341 7.299519 892568.777000 20.977085 -0.153925 
21.978505 663.928878 2.830348 7.299675 891982.863000 20.978505 -0.153925 
21.976379 663.928815 2.830391 7.299740 893139.746000 20.976379 -0.153925 
21.977388 663.927076 2.830425 7.299602 892578.974000 20.977388 -0.153925 
21.977428 663.925466 2.830347 7.299720 888393.341000 20.977428 -0.153925 
21.978004 663.925133 2.830377 7.299540 889184.672000 20.978004 -0.153925 
21.977831 663.925621 2.830281 7.299571 888430.660000 20.977831 -0.153925 
21.977109 663.924808 2.830334 7.299640 888286.808000 20.977109 -0.153925 
21.977115 663.924861 2.830264 7.299627 892222.384000 20.977115 -0.153925 
21.974833 663.924178 2.830369 7.299636 894517.738000 20.974833 -0.153925 
21.976611 663.924487 2.830319 7.299675 894152.718000 20.976611 -0.153925 
