110,713355 499,949989 22,937679 59,288824 19809,511300 109,713355 -0,160966 
37,019054 588,447451 6,039156 15,631543 516557,821000 36,019054 -0,156843 
37,012164 588,477321 6,037443 15,627201 515462,532000 36,012164 -0,156842 
37,005376 588,506463 6,035767 15,623353 518816,434000 36,005376 -0,156841 
36,988153 588,561676 6,032603 15,615207 516361,314000 35,988153 -0,156839 
36,982599 588,587839 6,030861 15,610735 516519,370000 35,982599 -0,156838 
36,968806 588,637822 6,027538 15,602192 514799,182000 35,968806 -0,156835 
36,960911 588,661402 6,025941 15,597860 516416,522000 35,960911 -0,156834 
36,955231 588,686749 6,024430 15,594387 518705,227000 35,955231 -0,156833 
36,946425 588,709893 6,022909 15,591020 519561,506000 35,946425 -0,156832 
35,920714 592,437142 5,797433 15,007948 541337,201000 34,920714 -0,156677 
35,912107 592,467109 5,795398 15,002987 542185,461000 34,912107 -0,156676 
35,903413 592,502126 5,793522 14,998248 542753,187000 34,903413 -0,156674 
35,893587 592,534984 5,791587 14,993301 544137,901000 34,893587 -0,156673 
35,887315 592,566552 5,789552 14,988135 542446,101000 34,887315 -0,156672 
35,877595 592,597678 5,787702 14,982952 542248,169000 34,877595 -0,156670 
35,869279 592,628484 5,785655 14,977782 541801,145000 34,869279 -0,156669 
35,860285 592,659165 5,783646 14,972419 543707,897000 34,860285 -0,156668 
35,851484 592,691431 5,781706 14,967380 541473,696000 34,851484 -0,156667 
35,842193 592,727157 5,779799 14,962492 541683,358000 34,842193 -0,156665 
35,834569 592,755988 5,777828 14,957489 543586,823000 34,834569 -0,156664 
35,827472 592,790157 5,776135 14,953132 542633,504000 34,827472 -0,156662 
34,055223 599,665853 5,383572 13,935169 583558,861000 33,055223 -0,156379 
34,046511 599,703015 5,381637 13,930046 583100,641000 33,046511 -0,156378 
34,037622 599,739421 5,379697 13,924873 584147,329000 33,037622 -0,156376 
34,029679 599,773924 5,377665 13,919328 582272,184000 33,029679 -0,156375 
34,019830 599,809353 5,375555 13,913534 582886,523000 33,019830 -0,156374 
34,011154 599,843712 5,373406 13,907586 582923,486000 33,011154 -0,156372 
34,000330 599,882631 5,371306 13,902069 583106,945000 33,000330 -0,156371 
33,991058 599,914023 5,369070 13,896261 583313,669000 32,991058 -0,156369 
33,982487 599,951604 5,367007 13,890690 585298,776000 32,982487 -0,156368 
33,971683 599,987424 5,364832 13,885343 583871,725000 32,971683 -0,156366 
33,963775 600,023685 5,362731 13,879746 584778,222000 32,963775 -0,156365 
30,469399 615,346846 4,592523 11,876752 661498,819000 29,469399 -0,155750 
30,457651 615,398324 4,590493 11,871201 661031,944000 29,457651 -0,155748 
30,448416 615,438479 4,588368 11,865664 660918,976000 29,448416 -0,155746 
30,438472 615,484371 4,586390 11,861015 663780,864000 29,438472 -0,155744 
30,432426 615,526040 4,584600 11,856738 663171,047000 29,432426 -0,155743 
30,422936 615,567733 4,582798 11,852194 665433,815000 29,422936 -0,155741 
30,414051 615,606244 4,580856 11,846899 665882,091000 29,414051 -0,155739 
30,404705 615,649496 4,578988 11,841943 662627,111000 29,404705 -0,155738 
30,385515 615,733606 4,575063 11,831830 661401,844000 29,385515 -0,155734 
30,377150 615,774925 4,573142 11,826973 661427,507000 29,377150 -0,155733 
26,985429 633,081570 3,844993 9,929716 736050,176000 25,985429 -0,155062 
26,976971 633,129206 3,843087 9,924404 732182,758000 25,976971 -0,155061 
26,967296 633,181647 3,841073 9,919144 735562,650000 25,967296 -0,155059 
26,958024 633,231712 3,839138 9,913796 733217,072000 25,958024 -0,155057 
26,949843 633,284960 3,837092 9,908552 736259,669000 25,949843 -0,155055 
26,939556 633,337091 3,835110 9,903269 736880,020000 25,939556 -0,155053 
26,929868 633,384959 3,833135 9,898004 737224,500000 25,929868 -0,155051 
26,922947 633,438350 3,831191 9,892933 735397,441000 25,922947 -0,155049 
26,911775 633,487661 3,829269 9,887967 734807,650000 25,911775 -0,155047 
26,904197 633,536154 3,827291 9,883155 736529,537000 25,904197 -0,155045 
26,895773 633,583467 3,825518 9,878460 735221,001000 25,895773 -0,155043 
25,717441 640,345235 3,577512 9,232927 759926,080000 24,717441 -0,154788 
25,708302 640,391401 3,575809 9,228226 764581,534000 24,708302 -0,154786 
25,700916 640,436059 3,573934 9,223310 765517,593000 24,700916 -0,154785 
25,692350 640,481912 3,572253 9,219010 764182,817000 24,692350 -0,154783 
25,684249 640,530611 3,570527 9,214857 763795,710000 24,684249 -0,154781 
25,676817 640,576348 3,568910 9,210986 764423,044000 24,676817 -0,154779 
25,669335 640,623641 3,567345 9,206608 764307,530000 24,669335 -0,154778 
25,660715 640,671281 3,565689 9,202066 762621,310000 24,660715 -0,154776 
25,652532 640,714608 3,563992 9,197562 762177,818000 24,652532 -0,154774 
25,646151 640,763641 3,562287 9,193235 763552,106000 24,646151 -0,154772 
16,340747 713,757353 1,758078 4,484961 564381,225000 15,340747 -0,152227 
16,343287 713,757649 1,758087 4,484917 564201,381000 15,343287 -0,152227 
16,343247 713,756535 1,758051 4,484868 567066,831000 15,343247 -0,152227 
16,343367 713,755392 1,758077 4,485017 567580,005000 15,343367 -0,152227 
16,343705 713,755600 1,758127 4,485068 562544,843000 15,343705 -0,152227 
16,343188 713,753540 1,758159 4,485178 565748,799000 15,343188 -0,152227 
16,344834 713,751582 1,758197 4,485314 566540,062000 15,344834 -0,152227 
16,344163 713,747519 1,758290 4,485581 564661,645000 15,344163 -0,152227 
16,345039 713,746137 1,758322 4,485843 563664,250000 15,345039 -0,152227 
16,344830 713,737643 1,758446 4,486079 564198,538000 15,344830 -0,152228 
16,346081 713,733645 1,758445 4,486275 566028,014000 15,346081 -0,152228 
15,804692 719,503367 1,666047 4,244533 579149,581000 14,804692 -0,152041 
15,805983 719,507417 1,666066 4,244587 577353,775000 14,805983 -0,152041 
15,804681 719,508405 1,666148 4,244794 576509,473000 14,804681 -0,152041 
15,802818 719,511485 1,666086 4,244793 577595,318000 14,802818 -0,152041 
15,803868 719,509256 1,666132 4,244760 578065,832000 14,803868 -0,152041 
15,804245 719,505162 1,666115 4,244755 578619,449000 14,804245 -0,152041 
15,803139 719,504853 1,666051 4,244685 578196,637000 14,803139 -0,152041 
15,803408 719,507614 1,666031 4,244515 577387,287000 14,803408 -0,152041 
15,802240 719,513901 1,665990 4,244337 578252,875000 14,802240 -0,152041 
15,801866 719,511857 1,665992 4,244165 578147,191000 14,801866 -0,152041 
15,253783 725,762794 1,572290 3,999390 583862,278000 14,253783 -0,151841 
15,252459 725,764692 1,572365 3,999779 582662,388000 14,252459 -0,151841 
15,252280 725,761749 1,572398 3,999783 582592,937000 14,252280 -0,151841 
15,253738 725,756691 1,572335 3,999590 583867,796000 14,253738 -0,151841 
15,252868 725,757472 1,572343 3,999689 582775,021000 14,252868 -0,151841 
15,252362 725,756627 1,572404 3,999786 582971,258000 14,252362 -0,151841 
15,254072 725,755969 1,572453 3,999813 582888,023000 14,254072 -0,151841 
15,253622 725,753383 1,572350 3,999464 583581,593000 14,253622 -0,151841 
15,252883 725,758244 1,572272 3,999116 582847,031000 14,252883 -0,151841 
15,251750 725,760166 1,572181 3,999006 584293,147000 14,251750 -0,151841 
15,253452 725,765983 1,572186 3,999274 585125,306000 14,253452 -0,151841 
14,128196 739,631746 1,385195 3,510334 581160,310000 13,128196 -0,151405 
14,118353 739,639687 1,385084 3,509871 587148,163000 13,118353 -0,151405 
14,118572 739,656651 1,384951 3,509386 587131,745000 13,118572 -0,151404 
14,119580 739,664992 1,384833 3,509048 586854,339000 13,119580 -0,151404 
14,124177 739,680842 1,384726 3,508928 586132,138000 13,124177 -0,151404 
14,109509 739,680650 1,384638 3,508710 585889,705000 13,109509 -0,151404 
14,108991 739,688077 1,384500 3,508458 585593,168000 13,108991 -0,151403 
14,112079 739,695253 1,384406 3,508125 585926,041000 13,112079 -0,151403 
14,107954 739,710674 1,384288 3,507854 586981,968000 13,107954 -0,151403 
14,105639 739,724233 1,384212 3,507671 587781,032000 13,105639 -0,151402 
14,107675 739,725226 1,384187 3,507665 584364,115000 13,107675 -0,151402 
13,269716 750,912818 1,252620 3,164100 595820,002000 12,269716 -0,151058 
13,270118 750,900525 1,252793 3,164576 596070,618000 12,270118 -0,151059 
13,271940 750,884568 1,252942 3,164932 593574,128000 12,271940 -0,151059 
13,272742 750,872858 1,252959 3,164732 594909,225000 12,272742 -0,151060 
13,274525 750,871495 1,252894 3,164294 594351,674000 12,274525 -0,151060 
13,274336 750,878973 1,252796 3,163961 595861,736000 12,274336 -0,151059 
13,271327 750,896079 1,252708 3,163813 595195,527000 12,271327 -0,151059 
13,271285 750,892379 1,252749 3,163934 596584,669000 12,271285 -0,151059 
13,273636 750,897806 1,252767 3,164135 596242,175000 12,273636 -0,151059 
13,283519 750,889549 1,252762 3,164009 595245,653000 12,283519 -0,151059 
13,286981 750,892689 1,252741 3,163934 598203,323000 12,286981 -0,151059 
12,226296 766,092691 1,097566 2,757991 603016,936000 11,226296 -0,150602 
12,224392 766,079089 1,097722 2,758542 604033,079000 11,224392 -0,150603 
12,228047 766,059042 1,097883 2,759001 602316,672000 11,228047 -0,150603 
12,228865 766,046592 1,097972 2,759196 602069,413000 11,228865 -0,150604 
12,230285 766,029923 1,098029 2,759313 602326,398000 11,230285 -0,150604 
12,230869 766,021171 1,098139 2,759411 601141,181000 11,230869 -0,150605 
12,231737 766,022161 1,098137 2,759391 602237,234000 11,231737 -0,150605 
12,231840 766,014229 1,098142 2,759407 601457,737000 11,231840 -0,150605 
12,234276 766,020203 1,098089 2,759198 601656,257000 11,234276 -0,150605 
12,232181 766,022744 1,097996 2,758701 600418,873000 11,232181 -0,150605 
12,230042 766,040313 1,097774 2,758102 601770,302000 11,230042 -0,150604 
10,813621 790,041856 0,899208 2,238420 607799,446000 9,813621 -0,149907 
10,810917 790,077197 0,898998 2,237750 609162,691000 9,810917 -0,149906 
10,808462 790,118132 0,898719 2,237173 608600,910000 9,808462 -0,149904 
10,807346 790,149500 0,898497 2,236549 610094,926000 9,807346 -0,149904 
10,805265 790,185489 0,898257 2,235843 610067,276000 9,805265 -0,149903 
10,803644 790,221591 0,897988 2,235144 609448,788000 9,803644 -0,149902 
10,802527 790,259188 0,897768 2,234550 610578,403000 9,802527 -0,149900 
10,800735 790,291148 0,897500 2,233903 607896,316000 9,800735 -0,149900 
10,798082 790,323180 0,897197 2,233225 608545,662000 9,798082 -0,149899 
10,795588 790,361907 0,896975 2,232515 608526,437000 9,795588 -0,149898 
10,794003 790,398515 0,896753 2,231800 611169,902000 9,794003 -0,149896 
10,701610 792,106159 0,884306 2,199739 612106,145000 9,701610 -0,149848 
10,701077 792,109054 0,884293 2,199827 611582,646000 9,701077 -0,149848 
10,702983 792,101820 0,884437 2,200037 610900,927000 9,702983 -0,149848 
10,703822 792,097597 0,884462 2,200141 612190,747000 9,703822 -0,149848 
10,703979 792,085570 0,884471 2,200069 610910,597000 9,703979 -0,149849 
10,702857 792,098816 0,884405 2,199895 611208,543000 9,702857 -0,149848 
10,703131 792,099311 0,884409 2,199827 612634,763000 9,703131 -0,149848 
10,702728 792,112533 0,884316 2,199828 611948,835000 9,702728 -0,149848 
10,701952 792,103308 0,884339 2,199830 611881,147000 9,701952 -0,149848 
10,701481 792,104407 0,884357 2,199829 612097,151000 9,701481 -0,149848 
10,700927 792,107017 0,884362 2,199794 612253,885000 9,700927 -0,149848 
9,812828 810,217315 0,768290 1,896042 617660,860000 8,812828 -0,149341 
9,813322 810,231236 0,768216 1,895894 617452,337000 8,813322 -0,149341 
9,813446 810,245823 0,768140 1,895710 618518,097000 8,813446 -0,149341 
9,812538 810,252146 0,768072 1,895660 617940,819000 8,812538 -0,149340 
9,815109 810,251795 0,768073 1,895570 619357,247000 8,815109 -0,149340 
9,812109 810,275837 0,767936 1,895317 619202,134000 8,812109 -0,149340 
9,809457 810,278200 0,767852 1,895018 619175,286000 8,809457 -0,149340 
9,809690 810,310028 0,767779 1,894712 619784,254000 8,809690 -0,149339 
9,808419 810,325405 0,767621 1,894356 619179,305000 8,808419 -0,149338 
9,808357 810,358214 0,767495 1,894039 619534,858000 8,808357 -0,149338 
9,804762 810,373785 0,767442 1,893808 618864,328000 8,804762 -0,149337 
9,805905 810,394974 0,767320 1,893598 617630,650000 8,805905 -0,149336 
8,788575 834,413605 0,644554 1,573068 628129,889000 7,788575 -0,148687 
8,786609 834,418973 0,644543 1,573069 628189,847000 7,786609 -0,148687 
8,787393 834,420197 0,644552 1,573125 628147,818000 7,787393 -0,148687 
8,787217 834,390627 0,644564 1,573319 627219,537000 7,787217 -0,148688 
8,787261 834,384817 0,644685 1,573632 627579,760000 7,787261 -0,148688 
8,789535 834,323398 0,644836 1,574017 628331,092000 7,789535 -0,148690 
8,790285 834,271016 0,644930 1,574339 628751,989000 7,790285 -0,148691 
8,791630 834,238808 0,645043 1,574398 629451,725000 7,791630 -0,148692 
8,791633 834,236390 0,645010 1,574287 629533,519000 7,791633 -0,148692 
8,788949 834,259044 0,644920 1,574108 630001,627000 7,788949 -0,148691 
8,789252 834,279432 0,644928 1,574091 628563,794000 7,789252 -0,148691 
8,160896 851,595712 0,574350 1,389848 643252,038000 7,160896 -0,148237 
8,158106 851,674554 0,574141 1,389358 645784,805000 7,158106 -0,148235 
8,157245 851,701363 0,574085 1,389190 644648,771000 7,157245 -0,148235 
8,158568 851,710414 0,574017 1,389118 644077,978000 7,158568 -0,148234 
8,156307 851,741209 0,574002 1,388995 645202,399000 7,156307 -0,148234 
8,156552 851,730312 0,574011 1,389104 643402,771000 7,156552 -0,148234 
8,156478 851,729161 0,573943 1,389148 642625,104000 7,156478 -0,148234 
8,157705 851,700240 0,573974 1,389135 641523,851000 7,157705 -0,148235 
8,156556 851,694037 0,573993 1,389116 645072,437000 7,156556 -0,148235 
8,156316 851,687167 0,573958 1,389080 645267,261000 7,156316 -0,148235 
8,158113 851,709183 0,573947 1,388908 642315,353000 7,158113 -0,148234 
7,335199 878,456726 0,487606 1,164284 663280,343000 6,335199 -0,147557 
7,335008 878,503493 0,487532 1,164044 665677,218000 6,335008 -0,147556 
7,332612 878,540893 0,487403 1,163856 664607,360000 6,332612 -0,147555 
7,331445 878,560199 0,487343 1,163635 664671,410000 6,331445 -0,147555 
7,330515 878,578842 0,487279 1,163532 664747,734000 6,330515 -0,147554 
7,332675 878,593349 0,487295 1,163554 665072,176000 6,332675 -0,147554 
7,334949 878,566482 0,487266 1,163622 665900,874000 6,334949 -0,147555 
7,334640 878,553490 0,487313 1,163705 664195,781000 6,334640 -0,147555 
7,333664 878,511022 0,487345 1,163759 662706,716000 6,333664 -0,147556 
7,333287 878,487853 0,487356 1,163810 664346,965000 6,333287 -0,147557 
7,333457 878,473624 0,487353 1,163821 663428,010000 6,333457 -0,147557 
6,880883 895,583652 0,443532 1,050095 684231,082000 5,880883 -0,147138 
6,877878 895,622367 0,443438 1,049886 682559,207000 5,877878 -0,147137 
6,878601 895,699244 0,443402 1,049648 683342,048000 5,878601 -0,147135 
6,877817 895,734415 0,443287 1,049557 681612,721000 5,877817 -0,147134 
6,876227 895,705141 0,443303 1,049517 682636,671000 5,876227 -0,147135 
6,876770 895,711862 0,443283 1,049446 681220,811000 5,876770 -0,147135 
6,876418 895,697931 0,443265 1,049416 681175,084000 5,876418 -0,147135 
6,875820 895,708189 0,443235 1,049362 682530,197000 5,875820 -0,147135 
6,875857 895,702830 0,443184 1,049250 682265,989000 5,875857 -0,147135 
6,875041 895,773397 0,443112 1,048966 684510,137000 5,875041 -0,147133 
6,873559 895,808679 0,442995 1,048755 683330,899000 5,873559 -0,147132 
5,763204 950,742822 0,345185 0,796329 763761,517000 4,763204 -0,145854 
5,760842 950,713317 0,345132 0,796176 762488,092000 4,760842 -0,145854 
5,760292 950,780499 0,345037 0,796038 761746,314000 4,760292 -0,145853 
5,758029 950,776358 0,345005 0,795841 763934,836000 4,758029 -0,145853 
5,758339 950,875473 0,344911 0,795721 761841,557000 4,758339 -0,145851 
5,756953 950,871810 0,344895 0,795594 763140,310000 4,756953 -0,145851 
5,755506 951,029448 0,344762 0,795186 761680,818000 4,755506 -0,145847 
5,754926 951,070992 0,344649 0,794948 762925,107000 4,754926 -0,145846 
5,753433 951,143006 0,344604 0,794770 763726,205000 4,753433 -0,145845 
5,753410 951,196929 0,344498 0,794580 761572,390000 4,753410 -0,145843 
5,753571 951,292283 0,344445 0,794406 763308,194000 4,753571 -0,145841 
5,752146 951,282794 0,344387 0,794298 761732,332000 4,752146 -0,145841 
5,752286 951,295152 0,344293 0,794175 762808,270000 4,752286 -0,145841 
5,116908 996,059842 0,296171 0,671254 861314,048000 4,116908 -0,144869 
5,115774 996,242263 0,296023 0,670924 859280,972000 4,115774 -0,144865 
5,113570 996,288251 0,296011 0,670861 859519,589000 4,113570 -0,144864 
5,113285 996,230260 0,296006 0,670885 859569,310000 4,113285 -0,144865 
5,113899 996,234532 0,295991 0,670725 860237,466000 4,113899 -0,144865 
5,112938 996,230167 0,295857 0,670666 859676,503000 4,112938 -0,144865 
5,112286 996,296457 0,295936 0,670625 859057,351000 4,112286 -0,144864 
5,111177 996,351316 0,295897 0,670545 860730,861000 4,111177 -0,144863 
5,111698 996,438119 0,295799 0,670429 857879,650000 4,111698 -0,144861 
5,110670 996,437905 0,295830 0,670388 857866,226000 4,110670 -0,144861 
5,111469 996,445830 0,295776 0,670322 860315,650000 4,111469 -0,144861 
4,813449 1025,684470 0,274809 0,617194 15217306,200000 3,813449 -0,144256 
4,813273 1025,660580 0,274759 0,617177 15142949,400000 3,813273 -0,144256 
4,813349 1025,439610 0,274857 0,617309 15279891,700000 3,813349 -0,144261 
4,815134 1025,492130 0,274811 0,617184 15242718,300000 3,815134 -0,144260 
4,813019 1025,983520 0,274704 0,616804 15191713,300000 3,813019 -0,144250 
4,811531 1026,237490 0,274525 0,616512 15146908,000000 3,811531 -0,144244 
4,805793 1026,562190 0,274450 0,616172 15147427,300000 3,805793 -0,144238 
4,806024 1026,812430 0,274231 0,615830 15102995,300000 3,806024 -0,144233 
4,804500 1026,876820 0,274148 0,615546 15216572,700000 3,804500 -0,144231 
4,803239 1027,032110 0,274058 0,615276 15233334,900000 3,803239 -0,144228 
4,799321 1027,185620 0,273997 0,615146 15159942,000000 3,799321 -0,144225 
4,799299 1026,989970 0,273930 0,615075 15220701,400000 3,799299 -0,144229 
4,588406 1051,421560 0,259734 0,579128 17848034,700000 3,588406 -0,143741 
4,587400 1051,629800 0,259655 0,578961 17815307,200000 3,587400 -0,143737 
4,586966 1051,889460 0,259559 0,578747 17954553,200000 3,586966 -0,143732 
4,583394 1051,829930 0,259542 0,578723 17969031,100000 3,583394 -0,143733 
4,582769 1051,629770 0,259579 0,578674 17888593,100000 3,582769 -0,143737 
4,582039 1051,500230 0,259523 0,578692 17996126,200000 3,582039 -0,143740 
4,576654 1051,920380 0,259445 0,578418 17876906,900000 3,576654 -0,143731 
4,576315 1051,949890 0,259423 0,578361 17957122,000000 3,576315 -0,143731 
4,572394 1052,220450 0,259242 0,577986 18017317,100000 3,572394 -0,143726 
4,403050 1074,906520 0,248432 0,550893 19939527,100000 3,403050 -0,143286 
4,398823 1074,940730 0,248433 0,550924 19885784,500000 3,398823 -0,143285 
4,399834 1075,263520 0,248433 0,550765 19968815,100000 3,399834 -0,143279 
4,399981 1075,335960 0,248348 0,550663 19916020,100000 3,399981 -0,143278 
4,398229 1075,361360 0,248294 0,550494 19940070,100000 3,398229 -0,143277 
4,395677 1075,572150 0,248213 0,550311 19999786,600000 3,395677 -0,143273 
4,394455 1075,899020 0,248133 0,550147 19910330,200000 3,394455 -0,143267 
4,393015 1076,025750 0,248079 0,549941 20100884,700000 3,393015 -0,143264 
4,271811 1094,853020 0,240522 0,530930 22141973,600000 3,271811 -0,142909 
4,277159 1094,896480 0,240474 0,530916 22157331,200000 3,277159 -0,142908 
4,273911 1094,899700 0,240479 0,530862 22191880,100000 3,273911 -0,142908 
4,273871 1095,021260 0,240487 0,530875 22084009,000000 3,273871 -0,142906 
4,274131 1094,987890 0,240480 0,530821 22262523,900000 3,274131 -0,142906 
4,265853 1095,094050 0,240474 0,530773 22155406,900000 3,265853 -0,142904 
4,264392 1095,148340 0,240411 0,530739 22108387,800000 3,264392 -0,142903 
4,264772 1095,358310 0,240340 0,530634 22127813,900000 3,264772 -0,142900 
4,264505 1095,565470 0,240335 0,530490 22236869,100000 3,264505 -0,142896 
4,257855 1095,644610 0,240255 0,530410 22263248,200000 3,257855 -0,142894 
4,257520 1095,811520 0,240258 0,530363 22217479,400000 3,257520 -0,142891 
4,254326 1095,719040 0,240278 0,530273 22240866,300000 3,254326 -0,142893 
4,119030 1121,686260 0,231861 0,509197 26382623,800000 3,119030 -0,142416 
4,116407 1121,582880 0,231750 0,509194 26288586,000000 3,116407 -0,142418 
4,114647 1121,688100 0,231776 0,509101 26435171,400000 3,114647 -0,142416 
4,113722 1121,765180 0,231809 0,509071 26356436,200000 3,113722 -0,142414 
4,116090 1121,917920 0,231748 0,509027 26339877,700000 3,116090 -0,142412 
4,114391 1121,941110 0,231728 0,509065 26437651,600000 3,114391 -0,142411 
4,116759 1122,052960 0,231725 0,508999 26384233,400000 3,116759 -0,142409 
4,118502 1121,978860 0,231770 0,508997 26356527,600000 3,118502 -0,142410 
4,115339 1121,729010 0,231722 0,509037 26580843,600000 3,115339 -0,142415 
4,119188 1121,889450 0,231761 0,509047 26411825,400000 3,119188 -0,142412 
4,119291 1121,943330 0,231684 0,508970 26575380,700000 3,119291 -0,142411 
4,117614 1122,227700 0,231670 0,508842 26488408,500000 3,117614 -0,142406 
4,119229 1122,207930 0,231664 0,508841 26481693,700000 3,119229 -0,142406 
4,117786 1120,983320 0,231852 0,509443 26309008,400000 3,117786 -0,142428 
4,007230 1144,413370 0,225688 0,493993 32059917,400000 3,007230 -0,142010 
4,006277 1143,946330 0,225717 0,494043 31698196,100000 3,006277 -0,142018 
4,008811 1144,099820 0,225751 0,494100 31989127,100000 3,008811 -0,142015 
4,006656 1144,190860 0,225756 0,494078 31755262,100000 3,006656 -0,142014 
4,003189 1144,217750 0,225725 0,494039 31825082,200000 3,003189 -0,142013 
4,006064 1144,535590 0,225703 0,493965 31817840,000000 3,006064 -0,142008 
4,005302 1144,521890 0,225629 0,493899 31965143,100000 3,005302 -0,142008 
4,006260 1144,548570 0,225700 0,493996 31658999,100000 3,006260 -0,142007 
4,002636 1144,209840 0,225715 0,494057 31896122,700000 3,002636 -0,142013 
4,003803 1143,888450 0,225827 0,494239 31718459,500000 3,003803 -0,142019 
4,007677 1143,066160 0,225895 0,494425 31488376,500000 3,007677 -0,142033 
4,002859 1143,127330 0,225939 0,494535 31676503,700000 3,002859 -0,142032 
4,001795 1143,443730 0,225908 0,494433 32384829,500000 3,001795 -0,142027 
3,917774 1163,947880 0,221288 0,483046 38893843,600000 2,917774 -0,141669 
3,919909 1163,804750 0,221269 0,482893 38938868,800000 2,919909 -0,141671 
3,915302 1164,168660 0,221243 0,482791 38981354,000000 2,915302 -0,141665 
3,914144 1164,316990 0,221122 0,482721 38997148,900000 2,914144 -0,141663 
3,913058 1164,395880 0,221145 0,482682 38960230,000000 2,913058 -0,141661 
3,913573 1164,533220 0,221130 0,482578 39022963,800000 2,913573 -0,141659 
3,915584 1164,552930 0,221067 0,482519 39258671,800000 2,915584 -0,141658 
3,909030 1164,715920 0,221059 0,482466 39335257,600000 2,909030 -0,141656 
3,911345 1164,590560 0,221088 0,482463 39293942,400000 2,911345 -0,141658 
3,909097 1164,647310 0,221043 0,482411 39256494,600000 2,909097 -0,141657 
3,910008 1164,908270 0,220979 0,482288 39129364,500000 2,910008 -0,141652 
3,788547 1195,673510 0,215213 0,467907 59190874,000000 2,788547 -0,141131 
3,788717 1195,925530 0,215238 0,467947 58673723,300000 2,788717 -0,141127 
3,791910 1195,521340 0,215305 0,468114 58525121,900000 2,791910 -0,141133 
3,793377 1194,978710 0,215320 0,468176 58594814,200000 2,793377 -0,141142 
3,795145 1194,941590 0,215339 0,468274 58533864,300000 2,795145 -0,141143 
3,794549 1194,626440 0,215384 0,468304 58487210,300000 2,794549 -0,141148 
3,795415 1194,886650 0,215381 0,468339 58755991,700000 2,795415 -0,141144 
3,794504 1194,600100 0,215483 0,468554 57656214,700000 2,794504 -0,141149 
3,795401 1193,779800 0,215546 0,468686 57234819,000000 2,795401 -0,141162 
3,796307 1193,779630 0,215502 0,468680 58003869,700000 2,796307 -0,141162 
3,796324 1194,191380 0,215456 0,468584 57225213,500000 2,796324 -0,141155 
3,794806 1194,348220 0,215526 0,468557 58306943,000000 2,794806 -0,141153 
3,660362 1233,869430 0,209774 0,454464 112747010,000000 2,660362 -0,140507 
3,663131 1233,766180 0,209826 0,454560 111744010,000000 2,663131 -0,140508 
3,663205 1233,384210 0,209858 0,454670 111234977,000000 2,663205 -0,140514 
3,665240 1232,656830 0,209935 0,454794 109848002,000000 2,665240 -0,140526 
3,666872 1232,112450 0,210000 0,454909 109038451,000000 2,666872 -0,140535 
3,668775 1231,410530 0,210040 0,455063 108680653,000000 2,668775 -0,140546 
3,667967 1230,986660 0,210049 0,455185 106928212,000000 2,667967 -0,140553 
3,670202 1230,580460 0,210115 0,455288 106999041,000000 2,670202 -0,140559 
3,668867 1230,224980 0,210210 0,455462 106084243,000000 2,668867 -0,140565 
3,672513 1229,668680 0,210217 0,455509 105874002,000000 2,672513 -0,140574 
3,592506 1261,786490 0,206557 0,446353 98999999999999993400000000000000000000,000000 2,592506 -0,140066 
3,592825 1261,625380 0,206526 0,446409 98999999999999993400000000000000000000,000000 2,592825 -0,140069 
3,591595 1261,293670 0,206540 0,446425 98999999999999993400000000000000000000,000000 2,591595 -0,140074 
3,593414 1261,065250 0,206631 0,446534 98999999999999993400000000000000000000,000000 2,593414 -0,140077 
3,595752 1260,613120 0,206605 0,446593 98999999999999993400000000000000000000,000000 2,595752 -0,140084 
3,596181 1260,313490 0,206623 0,446668 98999999999999993400000000000000000000,000000 2,596181 -0,140089 
3,596718 1259,635270 0,206760 0,446870 98999999999999993400000000000000000000,000000 2,596718 -0,140100 
3,598908 1258,712230 0,206834 0,447022 98999999999999993400000000000000000000,000000 2,598908 -0,140114 
3,599442 1257,696860 0,206873 0,447210 98999999999999993400000000000000000000,000000 2,599442 -0,140130 
3,600515 1257,868330 0,206852 0,447279 98999999999999993400000000000000000000,000000 2,600515 -0,140127 
3,600031 1257,495350 0,206964 0,447425 98999999999999993400000000000000000000,000000 2,600031 -0,140133 
3,599399 1257,079170 0,206987 0,447531 98999999999999993400000000000000000000,000000 2,599399 -0,140139 
3,602706 1255,937900 0,207085 0,447685 98999999999999993400000000000000000000,000000 2,602706 -0,140157 
3,504680 1298,260770 0,203300 0,438372 98999999999999993400000000000000000000,000000 2,504680 -0,139509 
3,506516 1297,472410 0,203365 0,438514 98999999999999993400000000000000000000,000000 2,506516 -0,139521 
3,506996 1296,752690 0,203441 0,438655 98999999999999993400000000000000000000,000000 2,506996 -0,139531 
3,508685 1295,851880 0,203496 0,438802 98999999999999993400000000000000000000,000000 2,508685 -0,139545 
3,510191 1294,969560 0,203475 0,438875 98999999999999993400000000000000000000,000000 2,510191 -0,139558 
3,512703 1294,719030 0,203535 0,439055 98999999999999993400000000000000000000,000000 2,512703 -0,139562 
3,513518 1293,812340 0,203579 0,439147 98999999999999993400000000000000000000,000000 2,513518 -0,139576 
3,515002 1293,464870 0,203672 0,439181 98999999999999993400000000000000000000,000000 2,515002 -0,139581 
3,513968 1293,098790 0,203669 0,439225 98999999999999993400000000000000000000,000000 2,513968 -0,139586 
3,514490 1293,271400 0,203667 0,439246 98999999999999993400000000000000000000,000000 2,514490 -0,139584 
3,511692 1294,182550 0,203630 0,439212 98999999999999993400000000000000000000,000000 2,511692 -0,139570 
3,432938 1336,499750 0,200670 0,431831 98999999999999993400000000000000000000,000000 2,432938 -0,138946 
3,435037 1334,805390 0,200764 0,432100 98999999999999993400000000000000000000,000000 2,435037 -0,138970 
3,438799 1333,852340 0,200824 0,432259 98999999999999993400000000000000000000,000000 2,438799 -0,138984 
3,436476 1333,229560 0,200869 0,432368 98999999999999993400000000000000000000,000000 2,436476 -0,138993 
3,437086 1332,705980 0,200885 0,432400 98999999999999993400000000000000000000,000000 2,437086 -0,139001 
3,437292 1332,548520 0,200918 0,432418 98999999999999993400000000000000000000,000000 2,437292 -0,139003 
3,438198 1332,529970 0,200952 0,432481 98999999999999993400000000000000000000,000000 2,438198 -0,139003 
3,437957 1332,033560 0,200980 0,432479 98999999999999993400000000000000000000,000000 2,437957 -0,139010 
3,437050 1331,691030 0,200971 0,432511 98999999999999993400000000000000000000,000000 2,437050 -0,139015 
3,438262 1331,447310 0,200962 0,432635 98999999999999993400000000000000000000,000000 2,438262 -0,139019 
3,439178 1330,881540 0,201040 0,432648 98999999999999993400000000000000000000,000000 2,439178 -0,139027 
3,439623 1330,922560 0,201031 0,432738 98999999999999993400000000000000000000,000000 2,439623 -0,139026 
3,439618 1330,288260 0,201132 0,432832 98999999999999993400000000000000000000,000000 2,439618 -0,139036 
3,342123 1403,318410 0,197526 0,424050 98999999999999993400000000000000000000,000000 2,342123 -0,138009 
3,342464 1400,946910 0,197555 0,424147 98999999999999993400000000000000000000,000000 2,342464 -0,138042 
3,345848 1401,268510 0,197565 0,424117 98999999999999993400000000000000000000,000000 2,345848 -0,138037 
3,342342 1401,515620 0,197574 0,424101 98999999999999993400000000000000000000,000000 2,342342 -0,138034 
3,344541 1400,342960 0,197578 0,424231 98999999999999993400000000000000000000,000000 2,344541 -0,138050 
3,344879 1399,324540 0,197665 0,424342 98999999999999993400000000000000000000,000000 2,344879 -0,138064 
3,346581 1397,881190 0,197718 0,424476 98999999999999993400000000000000000000,000000 2,346581 -0,138083 
3,347942 1395,859360 0,197768 0,424602 98999999999999993400000000000000000000,000000 2,347942 -0,138111 
3,349185 1395,155260 0,197774 0,424679 98999999999999993400000000000000000000,000000 2,349185 -0,138121 
3,348769 1394,671010 0,197810 0,424705 98999999999999993400000000000000000000,000000 2,348769 -0,138127 
3,351135 1394,863410 0,197757 0,424694 98999999999999993400000000000000000000,000000 2,351135 -0,138125 
3,350617 1394,337940 0,197822 0,424727 98999999999999993400000000000000000000,000000 2,350617 -0,138132 
3,221030 1545,981710 0,194034 0,415182 98999999999999993400000000000000000000,000000 2,221030 -0,136188 
3,218572 1546,617950 0,193952 0,415130 98999999999999993400000000000000000000,000000 2,218572 -0,136181 
3,218297 1547,530080 0,193951 0,415133 98999999999999993400000000000000000000,000000 2,218297 -0,136170 
3,219382 1547,242850 0,193957 0,415092 98999999999999993400000000000000000000,000000 2,219382 -0,136173 
3,215871 1548,564220 0,193992 0,415119 98999999999999993400000000000000000000,000000 2,215871 -0,136157 
3,216143 1548,628760 0,193991 0,415116 98999999999999993400000000000000000000,000000 2,216143 -0,136157 
3,217642 1547,844330 0,194009 0,415082 98999999999999993400000000000000000000,000000 2,217642 -0,136166 
3,217781 1547,775640 0,193979 0,415070 98999999999999993400000000000000000000,000000 2,217781 -0,136167 
3,214979 1547,706280 0,194029 0,415082 98999999999999993400000000000000000000,000000 2,214979 -0,136168 
3,213571 1547,822210 0,193990 0,415081 98999999999999993400000000000000000000,000000 2,213571 -0,136166 
3,215387 1547,050690 0,193980 0,415123 98999999999999993400000000000000000000,000000 2,215387 -0,136176 
3,038712 2370,845870 0,191504 0,405717 98999999999999993400000000000000000000,000000 2,038712 -0,128691 
3,040984 2375,923280 0,191526 0,402244 98999999999999993400000000000000000000,000000 2,040984 -0,128655 
3,037292 2383,905670 0,191504 0,403386 98999999999999993400000000000000000000,000000 2,037292 -0,128600 
3,041612 2391,093590 0,191510 0,402004 98999999999999993400000000000000000000,000000 2,041612 -0,128550 
3,040811 2394,662000 0,191549 0,400808 98999999999999993400000000000000000000,000000 2,040811 -0,128525 
3,041670 2399,379380 0,191556 0,398113 98999999999999993400000000000000000000,000000 2,041670 -0,128493 
3,042434 2410,249850 0,191559 0,393758 98999999999999993400000000000000000000,000000 2,042434 -0,128418 
3,042294 2412,903640 0,191537 0,391729 98999999999999993400000000000000000000,000000 2,042294 -0,128400 
3,042203 2421,091320 0,191533 0,387052 98999999999999993400000000000000000000,000000 2,042203 -0,128344 
3,042108 2418,121180 0,191497 0,384107 98999999999999993400000000000000000000,000000 2,042108 -0,128364 
3,039278 2420,838520 0,191526 0,383746 98999999999999993400000000000000000000,000000 2,039278 -0,128346 
3,041297 2425,329640 0,191513 0,378333 98999999999999993400000000000000000000,000000 2,041297 -0,128315 
3,008824 3616,351100 0,191952 0,192045 98999999999999993400000000000000000000,000000 2,008824 -0,122056 
3,006251 3597,098030 0,191971 0,192027 98999999999999993400000000000000000000,000000 2,006251 -0,122136 
3,004120 3614,324010 0,191966 0,192013 98999999999999993400000000000000000000,000000 2,004120 -0,122065 
3,007433 3621,522000 0,191974 0,192047 98999999999999993400000000000000000000,000000 2,007433 -0,122035 
3,009284 3613,847570 0,191975 0,192075 98999999999999993400000000000000000000,000000 2,009284 -0,122067 
3,005860 3622,004860 0,191950 0,192086 98999999999999993400000000000000000000,000000 2,005860 -0,122033 
3,006876 3627,612300 0,191979 0,192034 98999999999999993400000000000000000000,000000 2,006876 -0,122010 
3,004553 3636,938970 0,191982 0,192053 98999999999999993400000000000000000000,000000 2,004553 -0,121972 
3,001685 3644,340780 0,191956 0,192068 98999999999999993400000000000000000000,000000 2,001685 -0,121941 
3,003957 3654,290210 0,191956 0,192087 98999999999999993400000000000000000000,000000 2,003957 -0,121901 
3,000874 3653,983740 0,191992 0,192075 98999999999999993400000000000000000000,000000 2,000874 -0,121902 
2,999079 3656,180020 0,191979 0,192039 98999999999999993400000000000000000000,000000 1,999079 -0,121893 
3,002360 3673,580870 0,191992 0,192107 98999999999999993400000000000000000000,000000 2,002360 -0,121823 
3,002890 3669,155350 0,192021 0,192076 98999999999999993400000000000000000000,000000 2,002890 -0,121841 
3,001496 3684,105860 0,191984 0,192078 98999999999999993400000000000000000000,000000 2,001496 -0,121780 
3,001485 3680,160730 0,191982 0,192067 98999999999999993400000000000000000000,000000 2,001485 -0,121796 
3,000255 3668,034080 0,191974 0,192094 98999999999999993400000000000000000000,000000 2,000255 -0,121845 
3,004513 3687,162290 0,192013 0,192073 98999999999999993400000000000000000000,000000 2,004513 -0,121768 
3,000738 3681,489770 0,191979 0,192111 98999999999999993400000000000000000000,000000 2,000738 -0,121791 
3,000265 3711,261900 0,191977 0,192091 98999999999999993400000000000000000000,000000 2,000265 -0,121671 
3,001979 3705,446240 0,191992 0,192105 98999999999999993400000000000000000000,000000 2,001979 -0,121695 
2,999863 3712,742310 0,192022 0,192124 98999999999999993400000000000000000000,000000 1,999863 -0,121666 
2,998868 3754,436490 0,192035 0,192124 98999999999999993400000000000000000000,000000 1,998868 -0,121500 
2,994393 4255,032020 0,192165 0,192265 98999999999999993400000000000000000000,000000 1,994393 -0,119680 
2,993584 4265,774100 0,192137 0,192223 98999999999999993400000000000000000000,000000 1,993584 -0,119644 
2,993736 4269,098130 0,192162 0,192255 98999999999999993400000000000000000000,000000 1,993736 -0,119633 
2,993816 4287,552870 0,192120 0,192250 98999999999999993400000000000000000000,000000 1,993816 -0,119571 
2,991755 4280,556530 0,192187 0,192272 98999999999999993400000000000000000000,000000 1,991755 -0,119594 
2,992830 4272,630360 0,192125 0,192246 98999999999999993400000000000000000000,000000 1,992830 -0,119621 
2,992257 4271,361690 0,192174 0,192280 98999999999999993400000000000000000000,000000 1,992257 -0,119625 
2,990338 4270,878010 0,192126 0,192280 98999999999999993400000000000000000000,000000 1,990338 -0,119627 
2,992301 4269,850780 0,192163 0,192276 98999999999999993400000000000000000000,000000 1,992301 -0,119630 
2,989337 4278,869140 0,192141 0,192241 98999999999999993400000000000000000000,000000 1,989337 -0,119600 
2,989137 4263,021670 0,192148 0,192294 98999999999999993400000000000000000000,000000 1,989137 -0,119653 
2,988098 4299,690620 0,192185 0,192239 98999999999999993400000000000000000000,000000 1,988098 -0,119530 
2,989145 4283,346880 0,192177 0,192311 98999999999999993400000000000000000000,000000 1,989145 -0,119585 
2,990530 4303,813240 0,192175 0,192236 98999999999999993400000000000000000000,000000 1,990530 -0,119517 
2,988335 4299,894780 0,192152 0,192252 98999999999999993400000000000000000000,000000 1,988335 -0,119530 
2,988589 4303,439690 0,192169 0,192314 98999999999999993400000000000000000000,000000 1,988589 -0,119518 
2,988073 4307,786270 0,192171 0,192250 98999999999999993400000000000000000000,000000 1,988073 -0,119504 
2,988981 4314,280820 0,192237 0,192268 98999999999999993400000000000000000000,000000 1,988981 -0,119482 
2,984915 5157,591130 0,192334 0,192515 98999999999999993400000000000000000000,000000 1,984915 -0,116986 
2,981664 5192,459190 0,192384 0,192428 98999999999999993400000000000000000000,000000 1,981664 -0,116894 
2,983546 5174,881070 0,192326 0,192445 98999999999999993400000000000000000000,000000 1,983546 -0,116940 
2,986417 5170,428220 0,192359 0,192489 98999999999999993400000000000000000000,000000 1,986417 -0,116952 
2,982743 5165,147160 0,192340 0,192427 98999999999999993400000000000000000000,000000 1,982743 -0,116966 
2,983599 5164,517680 0,192323 0,192437 98999999999999993400000000000000000000,000000 1,983599 -0,116968 
2,984529 5142,582700 0,192391 0,192438 98999999999999993400000000000000000000,000000 1,984529 -0,117026 
2,983160 5155,337530 0,192346 0,192467 98999999999999993400000000000000000000,000000 1,983160 -0,116992 
2,985316 5168,121480 0,192316 0,192443 98999999999999993400000000000000000000,000000 1,985316 -0,116958 
2,983354 5172,768780 0,192341 0,192423 98999999999999993400000000000000000000,000000 1,983354 -0,116946 
2,970002 6037,944950 0,192503 0,192584 98999999999999993400000000000000000000,000000 1,970002 -0,114868 
2,972726 5982,742130 0,192478 0,192566 98999999999999993400000000000000000000,000000 1,972726 -0,114989 
2,973411 6024,541170 0,192491 0,192574 98999999999999993400000000000000000000,000000 1,973411 -0,114897 
2,969633 5991,992680 0,192462 0,192533 98999999999999993400000000000000000000,000000 1,969633 -0,114969 
2,969486 6016,881700 0,192452 0,192567 98999999999999993400000000000000000000,000000 1,969486 -0,114914 
2,969121 5990,654800 0,192489 0,192573 98999999999999993400000000000000000000,000000 1,969121 -0,114972 
2,970016 6022,770370 0,192488 0,192573 98999999999999993400000000000000000000,000000 1,970016 -0,114901 
2,969922 5981,896420 0,192488 0,192577 98999999999999993400000000000000000000,000000 1,969922 -0,114991 
2,969179 6022,912440 0,192506 0,192585 98999999999999993400000000000000000000,000000 1,969179 -0,114901 
2,969349 5977,544710 0,192507 0,192571 98999999999999993400000000000000000000,000000 1,969349 -0,115001 
2,967871 5969,418230 0,192447 0,192575 98999999999999993400000000000000000000,000000 1,967871 -0,115019 
2,962820 6887,248530 0,192628 0,192686 98999999999999993400000000000000000000,000000 1,962820 -0,113157 
2,962995 6900,241930 0,192653 0,192701 98999999999999993400000000000000000000,000000 1,962995 -0,113133 
2,962000 6888,823930 0,192592 0,192723 98999999999999993400000000000000000000,000000 1,962000 -0,113154 
2,961549 6889,611150 0,192641 0,192738 98999999999999993400000000000000000000,000000 1,961549 -0,113153 
2,963049 6876,995190 0,192616 0,192723 98999999999999993400000000000000000000,000000 1,963049 -0,113176 
2,973466 7050,490610 0,192670 0,192702 98999999999999993400000000000000000000,000000 1,973466 -0,112858 
2,970492 7043,872200 0,192655 0,192770 98999999999999993400000000000000000000,000000 1,970492 -0,112870 
2,972303 7056,959460 0,192688 0,192714 98999999999999993400000000000000000000,000000 1,972303 -0,112846 
2,969536 7078,986280 0,192631 0,192724 98999999999999993400000000000000000000,000000 1,969536 -0,112806 
2,968130 7023,991480 0,192638 0,192734 98999999999999993400000000000000000000,000000 1,968130 -0,112906 
2,971474 7032,843440 0,192650 0,192747 98999999999999993400000000000000000000,000000 1,971474 -0,112890 
2,968477 7047,041350 0,192702 0,192729 98999999999999993400000000000000000000,000000 1,968477 -0,112864 
2,970219 7030,743470 0,192625 0,192757 98999999999999993400000000000000000000,000000 1,970219 -0,112894 
2,973434 7038,823100 0,192645 0,192757 98999999999999993400000000000000000000,000000 1,973434 -0,112879 
2,974442 7045,696480 0,192629 0,192722 98999999999999993400000000000000000000,000000 1,974442 -0,112866 
