110.723368 499.955516 22.941268 59.299208 19919.013600 109.723368 -0.160965 
110.724092 499.956139 22.940737 59.298367 19790.635800 109.724092 -0.160965 
110.724188 499.958990 22.940463 59.297987 19583.532600 109.724188 -0.160965 
110.723295 499.959586 22.940698 59.297468 19846.829500 109.723295 -0.160965 
110.723591 499.958814 22.940579 59.297546 20026.413900 109.723591 -0.160965 
110.722117 499.957874 22.940673 59.297371 19909.793200 109.722117 -0.160965 
110.721264 499.957907 22.940517 59.297806 19950.612100 109.721264 -0.160965 
110.721473 499.955502 22.940522 59.297563 19802.311000 109.721473 -0.160965 
110.720943 499.955936 22.940303 59.296622 19818.139300 109.720943 -0.160965 
110.721342 499.955657 22.940178 59.297058 19975.304800 109.721342 -0.160965 
110.720170 499.953606 22.940271 59.297191 20159.355000 109.720170 -0.160965 
110.721356 499.954604 22.940581 59.297295 19787.655100 109.721356 -0.160965 
110.720406 499.950015 22.940185 59.296755 20023.582100 109.720406 -0.160966 
110.719868 499.951963 22.940229 59.297098 19629.035900 109.719868 -0.160966 
110.720451 499.952234 22.939978 59.296249 19241.152500 109.720451 -0.160966 
110.721175 499.951897 22.940274 59.296582 19379.254300 109.721175 -0.160966 
110.720622 499.950379 22.940038 59.296611 19502.748600 109.720622 -0.160966 
110.720579 499.951539 22.940043 59.296944 19462.072100 109.720579 -0.160966 
110.721933 499.948684 22.940120 59.296344 19463.090400 109.721933 -0.160966 
110.720397 499.948894 22.940326 59.296907 19369.099600 109.720397 -0.160966 
110.720627 499.950484 22.940383 59.296857 19367.114100 109.720627 -0.160966 
110.721428 499.950993 22.940026 59.296934 19517.574700 109.721428 -0.160966 
110.720979 499.951328 22.940174 59.296559 19738.634100 109.720979 -0.160966 
110.721021 499.952290 22.940082 59.296868 19546.885500 109.721021 -0.160966 
110.721696 499.951796 22.940081 59.296119 19365.333600 109.721696 -0.160966 
110.720123 499.949424 22.940059 59.295968 19268.985800 109.720123 -0.160966 
110.720768 499.951182 22.940236 59.296881 19286.836400 109.720768 -0.160966 
110.721063 499.949295 22.940434 59.296885 19492.090900 109.721063 -0.160966 
110.720972 499.947308 22.940428 59.297027 19371.346500 109.720972 -0.160966 
110.720230 499.947560 22.940163 59.296722 19537.030700 109.720230 -0.160966 
110.719517 499.947844 22.940352 59.297129 19504.660400 109.719517 -0.160966 
