111.044921 500.134523 23.019456 59.501739 29390.275500 110.044921 -0.160956 
111.055006 500.138005 23.022638 59.509842 30027.151400 110.055006 -0.160956 
111.056564 500.137940 23.022884 59.510251 30009.993600 110.056564 -0.160956 
111.057049 500.138943 23.022962 59.510065 29920.881300 110.057049 -0.160956 
111.057195 500.137650 23.023187 59.510913 29461.782500 110.057195 -0.160956 
111.058693 500.138015 23.023211 59.510937 28063.265100 110.058693 -0.160956 
111.059333 500.137426 23.023557 59.511788 29376.594700 110.059333 -0.160956 
111.059531 500.137231 23.023576 59.512129 28078.555000 110.059531 -0.160956 
111.059633 500.136455 23.023803 59.511986 28114.185000 110.059633 -0.160956 
111.060573 500.137248 23.023684 59.512862 27955.380400 110.060573 -0.160956 
111.061413 500.136876 23.023714 59.512692 29539.968400 110.061413 -0.160956 
111.065360 500.138201 23.025036 59.515417 29051.599900 110.065360 -0.160956 
111.066208 500.136414 23.025079 59.516108 29232.121500 110.066208 -0.160956 
111.066607 500.136103 23.025088 59.515706 28973.248100 110.066607 -0.160956 
111.069644 500.138627 23.025597 59.516877 27475.626600 110.069644 -0.160956 
111.069761 500.137402 23.025721 59.517674 27284.439900 110.069761 -0.160956 
111.070805 500.137844 23.026188 59.518196 28818.208800 110.070805 -0.160956 
111.070606 500.138745 23.025872 59.518620 28783.647000 110.070606 -0.160956 
111.070806 500.138216 23.026122 59.518525 28773.566800 110.070806 -0.160956 
111.069931 500.135612 23.025965 59.519011 28866.832400 110.069931 -0.160956 
111.071124 500.135408 23.025967 59.518592 28824.586700 110.071124 -0.160956 
111.071270 500.137179 23.026510 59.518761 28838.218300 110.071270 -0.160956 
111.073191 500.139755 23.026738 59.520333 29694.973500 110.073191 -0.160956 
111.073768 500.139011 23.027003 59.520940 29923.806700 110.073768 -0.160956 
111.074447 500.138040 23.027036 59.520627 28831.582600 110.074447 -0.160956 
111.075640 500.139045 23.027195 59.520981 29882.867700 110.075640 -0.160956 
111.075731 500.140786 23.027148 59.521084 29314.794600 110.075731 -0.160956 
111.076314 500.139445 23.027238 59.521554 29486.503200 110.076314 -0.160956 
111.076543 500.139825 23.027342 59.521157 29513.222500 110.076543 -0.160956 
111.077159 500.139069 23.027383 59.521358 29682.300000 110.077159 -0.160956 
111.077674 500.139467 23.027742 59.522317 29286.894700 110.077674 -0.160956 
111.076959 500.140055 23.027729 59.522781 29332.012400 110.076959 -0.160956 
111.078478 500.138596 23.027897 59.523375 28462.196300 110.078478 -0.160956 
