111,686163 500,144991 23,162459 59,868606 28581,791700 110,686163 -0,160956 
111,697750 500,141386 23,165029 59,874027 32061,011000 110,697750 -0,160956 
111,701435 500,142208 23,165649 59,876359 27699,618600 110,701435 -0,160956 
111,701557 500,143687 23,165851 59,877318 27330,074900 110,701557 -0,160956 
111,703817 500,145373 23,165981 59,877216 27732,702000 110,703817 -0,160955 
111,703030 500,143879 23,166227 59,877625 28082,080200 110,703030 -0,160956 
111,705248 500,143396 23,166403 59,878153 27754,593400 110,705248 -0,160956 
111,706082 500,142446 23,166572 59,879165 27968,114800 110,706082 -0,160956 
111,708175 500,143495 23,167117 59,880224 31151,355800 110,708175 -0,160956 
111,708649 500,143461 23,167179 59,881140 28992,081500 110,708649 -0,160956 
111,711158 500,143364 23,167624 59,881491 28564,814100 110,711158 -0,160956 
111,712082 500,142874 23,167908 59,882466 27542,284000 110,712082 -0,160956 
109,319114 500,051816 22,607075 58,441215 29560,342700 108,319114 -0,160960 
109,310452 500,051437 22,604845 58,435873 29636,011200 108,310452 -0,160960 
109,305249 500,052532 22,603995 58,432998 29961,757800 108,305249 -0,160960 
109,299969 500,052703 22,602565 58,430267 29896,696400 108,299969 -0,160960 
109,295995 500,052521 22,601964 58,428757 29856,858100 108,295995 -0,160960 
109,288148 500,046214 22,600234 58,424029 29815,932700 108,288148 -0,160961 
109,284577 500,046061 22,599315 58,422224 29926,957100 108,284577 -0,160961 
109,278714 500,043664 22,598031 58,418720 29947,057300 108,278714 -0,160961 
109,275640 500,044941 22,597456 58,417805 29656,974700 108,275640 -0,160961 
109,273557 500,045684 22,596972 58,416150 29895,323900 108,273557 -0,160961 
109,271129 500,048474 22,596489 58,415335 29119,622600 108,271129 -0,160961 
109,267548 500,048877 22,595531 58,413005 29313,557700 108,267548 -0,160961 
109,263646 500,044022 22,594809 58,411349 29861,911900 108,263646 -0,160961 
107,810250 500,036919 22,255429 57,536611 27636,885400 106,810250 -0,160961 
107,800403 500,037339 22,252743 57,530528 27143,040300 106,800403 -0,160961 
107,779005 500,033330 22,247787 57,517615 27166,721000 106,779005 -0,160961 
107,767306 500,035687 22,245579 57,511292 27098,555800 106,767306 -0,160961 
107,748458 500,037035 22,240695 57,499000 27230,173200 106,748458 -0,160961 
107,736301 500,036048 22,238099 57,492449 27312,066400 106,736301 -0,160961 
107,727221 500,037246 22,235917 57,486678 27174,722700 106,727221 -0,160961 
107,717616 500,033699 22,233135 57,480529 27211,209500 106,717616 -0,160961 
107,696596 500,036680 22,228419 57,467756 27373,784200 106,696596 -0,160961 
107,675468 500,034685 22,223972 57,456399 27383,299700 106,675468 -0,160961 
107,656041 500,032372 22,219302 57,444032 27417,052700 106,656041 -0,160961 
107,636681 500,033666 22,214907 57,432675 27515,974700 106,636681 -0,160961 
105,925308 500,119410 21,816813 56,410856 28976,342600 104,925308 -0,160957 
105,913221 500,120685 21,814124 56,404398 29564,764700 104,913221 -0,160957 
105,901622 500,121999 21,811579 56,397751 30165,533700 104,901622 -0,160957 
105,890678 500,117934 21,808887 56,391216 29458,827600 104,890678 -0,160957 
105,868021 500,124929 21,803365 56,377063 29623,239600 104,868021 -0,160957 
105,855901 500,127079 21,800889 56,370875 30088,969500 104,855901 -0,160956 
105,833732 500,127726 21,795506 56,356737 30207,315300 104,833732 -0,160956 
105,812516 500,124934 21,790537 56,344306 31472,042600 104,812516 -0,160957 
105,790161 500,130062 21,785677 56,331398 30178,474100 104,790161 -0,160956 
105,779252 500,129861 21,783450 56,325383 31822,337900 104,779252 -0,160956 
105,769565 500,135045 21,780661 56,319078 30423,790700 104,769565 -0,160956 
105,759115 500,133643 21,778365 56,312908 30461,746800 104,759115 -0,160956 
105,737915 500,133942 21,773297 56,299924 30664,865500 104,737915 -0,160956 
104,548544 500,243598 21,497042 55,591164 29348,874700 103,548544 -0,160950 
104,538144 500,241175 21,494528 55,585034 29024,418600 103,538144 -0,160951 
104,516683 500,241819 21,489491 55,572435 29354,917000 103,516683 -0,160950 
104,494360 500,247570 21,484648 55,559490 30441,260600 103,494360 -0,160950 
104,473073 500,255562 21,479644 55,547815 30584,900600 103,473073 -0,160950 
104,461025 500,252231 21,477420 55,541597 29261,165200 103,461025 -0,160950 
104,449878 500,253696 21,474818 55,534989 29446,660200 103,449878 -0,160950 
104,440390 500,258407 21,472383 55,528880 29516,607200 103,440390 -0,160950 
104,419820 500,256187 21,467387 55,516085 29454,485700 103,419820 -0,160950 
104,397533 500,262135 21,462551 55,503659 29455,114300 103,397533 -0,160949 
104,377998 500,262104 21,457785 55,491549 29765,099800 103,377998 -0,160949 
104,357705 500,261850 21,453419 55,479687 30648,925100 103,357705 -0,160949 
102,905237 500,447559 21,117651 54,618254 29570,371400 101,905237 -0,160940 
102,894932 500,450181 21,115077 54,611572 29503,066900 101,894932 -0,160940 
102,884602 500,451311 21,112573 54,605443 29565,648000 101,884602 -0,160940 
102,873092 500,453575 21,110282 54,599204 29633,635400 101,873092 -0,160940 
102,865226 500,457136 21,108140 54,593904 28835,742000 101,865226 -0,160939 
102,854340 500,457558 21,105897 54,587796 29047,569200 101,854340 -0,160939 
102,844213 500,453555 21,103398 54,581765 29171,004300 101,844213 -0,160940 
102,824161 500,457742 21,098759 54,569585 29754,581500 101,824161 -0,160939 
102,815206 500,460825 21,096520 54,564128 29303,610100 101,815206 -0,160939 
102,795894 500,463156 21,091969 54,552197 28871,698800 101,795894 -0,160939 
102,786506 500,467070 21,089871 54,546934 30704,453100 101,786506 -0,160939 
102,776524 500,469624 21,087733 54,541427 30073,446900 101,776524 -0,160939 
102,766263 500,471609 21,085351 54,535399 30095,448800 101,766263 -0,160939 
102,746402 500,474274 21,080894 54,524148 28867,725300 101,746402 -0,160938 
100,724524 500,829019 20,614526 53,327003 30898,982200 99,724524 -0,160920 
100,715632 500,828117 20,612738 53,322744 30323,901000 99,715632 -0,160920 
100,706501 500,830559 20,610749 53,317208 30904,265700 99,706501 -0,160920 
100,697605 500,836267 20,608564 53,311928 30393,174100 99,697605 -0,160920 
100,688609 500,841040 20,606762 53,307236 30842,694100 99,688609 -0,160919 
100,680188 500,841410 20,604845 53,302633 31281,385100 99,680188 -0,160919 
100,671395 500,840721 20,602913 53,297537 31027,764600 99,671395 -0,160919 
100,661653 500,839355 20,600692 53,291769 31128,999200 99,661653 -0,160920 
100,654071 500,841104 20,598918 53,287152 31170,935400 99,654071 -0,160919 
100,637400 500,844797 20,595127 53,277277 30740,370300 99,637400 -0,160919 
100,628989 500,847512 20,593151 53,272172 30951,688000 99,628989 -0,160919 
100,612456 500,848226 20,589155 53,262787 31689,858700 99,612456 -0,160919 
100,595902 500,856060 20,585394 53,252696 31562,778600 99,595902 -0,160919 
100,581414 500,861440 20,581707 53,243363 30234,181300 99,581414 -0,160918 
99,124735 501,176743 20,246748 52,382137 30804,850500 98,124735 -0,160902 
99,104171 501,184526 20,242455 52,371077 31749,737600 98,104171 -0,160902 
99,085057 501,188403 20,237633 52,359226 30450,452000 98,085057 -0,160901 
99,065324 501,192941 20,233345 52,347222 31213,302700 98,065324 -0,160901 
99,044932 501,195448 20,228815 52,335766 31218,485300 98,044932 -0,160901 
99,027356 501,198213 20,224047 52,324432 31140,777100 98,027356 -0,160901 
99,008353 501,205028 20,219822 52,313718 31878,098300 98,008353 -0,160901 
98,988490 501,210035 20,215280 52,301262 30980,853100 97,988490 -0,160900 
98,969848 501,215732 20,210988 52,290930 30905,497500 97,969848 -0,160900 
98,951982 501,211663 20,206589 52,279852 31213,493800 97,951982 -0,160900 
98,930642 501,221279 20,202563 52,268894 31101,266700 97,930642 -0,160900 
97,707062 501,545886 19,919741 51,542386 32332,698500 96,707062 -0,160883 
97,687350 501,550591 19,915349 51,530920 31980,230700 96,687350 -0,160883 
97,666688 501,552756 19,910571 51,518836 32141,281100 96,666688 -0,160883 
97,646555 501,561076 19,906076 51,507558 32965,548500 96,646555 -0,160882 
97,637296 501,563520 19,903813 51,501684 32252,974000 96,637296 -0,160882 
97,618128 501,569613 19,899812 51,490444 32240,418000 96,618128 -0,160882 
97,598552 501,577444 19,894971 51,479259 33040,962200 96,598552 -0,160881 
97,589304 501,578144 19,893160 51,474008 32465,389900 96,589304 -0,160881 
97,571633 501,581257 19,888575 51,462432 32375,126100 96,571633 -0,160881 
97,552459 501,588661 19,884571 51,452217 32432,810100 96,552459 -0,160881 
97,543732 501,591757 19,882216 51,446170 32347,281500 96,543732 -0,160881 
97,525918 501,596871 19,878169 51,435803 32419,947800 96,525918 -0,160880 
96,529131 501,887344 19,646356 50,840940 33087,172200 95,529131 -0,160865 
96,512178 501,888870 19,642779 50,830805 34035,549100 95,512178 -0,160865 
96,502620 501,896639 19,640295 50,825498 33203,950400 95,502620 -0,160865 
96,494476 501,900685 19,638658 50,820203 33258,084600 95,494476 -0,160865 
96,474177 501,901952 19,634628 50,809993 33515,542100 95,474177 -0,160865 
96,466196 501,908523 19,632586 50,805206 34031,175400 95,466196 -0,160864 
96,445739 501,915513 19,628527 50,794519 34023,174500 95,445739 -0,160864 
96,435259 501,914181 19,626683 50,789883 33176,793000 95,435259 -0,160864 
96,427421 501,915214 19,624735 50,785468 33237,234300 95,427421 -0,160864 
96,418239 501,922229 19,622540 50,779231 34009,818800 95,418239 -0,160863 
96,409773 501,924789 19,620444 50,774530 33210,350500 95,409773 -0,160863 
96,393587 501,928883 19,616438 50,764365 33207,908300 95,393587 -0,160863 
95,405631 502,243537 19,387099 50,173817 35679,380200 94,405631 -0,160847 
95,386976 502,251112 19,382917 50,163315 35063,451200 94,386976 -0,160847 
95,377255 502,249930 19,380788 50,158287 35550,271600 94,377255 -0,160847 
95,359359 502,254513 19,377082 50,147688 35249,139900 94,359359 -0,160846 
95,347573 502,260723 19,374860 50,142919 35446,707900 94,347573 -0,160846 
95,338462 502,264293 19,373032 50,137865 35298,326700 94,338462 -0,160846 
95,329616 502,267176 19,370691 50,132456 35109,744400 94,329616 -0,160846 
95,319929 502,266331 19,368726 50,127291 35245,471200 94,319929 -0,160846 
95,312784 502,269767 19,366575 50,122336 34957,618300 94,312784 -0,160846 
95,301751 502,273648 19,364682 50,117425 34589,839000 94,301751 -0,160845 
95,285236 502,277177 19,360794 50,106644 36290,214900 94,285236 -0,160845 
95,276698 502,274803 19,358890 50,102054 36222,950900 94,276698 -0,160845 
95,270287 502,281467 19,357032 50,096994 36213,186700 94,270287 -0,160845 
94,064800 502,692780 19,081205 49,387877 37630,538500 93,064800 -0,160824 
94,047442 502,697944 19,077192 49,377196 37329,659400 93,047442 -0,160823 
94,037549 502,703335 19,074961 49,371634 37375,872100 93,037549 -0,160823 
94,028701 502,706473 19,072885 49,366263 37603,483800 93,028701 -0,160823 
94,019097 502,712642 19,070589 49,360735 37646,252700 93,019097 -0,160823 
94,001427 502,721014 19,066295 49,350200 37663,666000 93,001427 -0,160822 
93,991733 502,725469 19,064252 49,344472 37933,402100 92,991733 -0,160822 
93,973103 502,733617 19,060064 49,333914 37451,638200 92,973103 -0,160822 
93,965042 502,735666 19,057900 49,328364 38260,451400 92,965042 -0,160822 
93,957087 502,732494 19,055793 49,322793 37567,554500 92,957087 -0,160822 
93,948181 502,741038 19,053804 49,317505 37550,455500 92,948181 -0,160821 
93,937683 502,746784 19,051932 49,312906 37813,955400 92,937683 -0,160821 
93,929962 502,751444 19,049680 49,307058 37992,919800 92,929962 -0,160821 
93,912458 502,757538 19,045730 49,296663 37694,572400 92,912458 -0,160820 
92,635182 503,249831 18,751758 48,540981 40694,109400 91,635182 -0,160795 
92,625375 503,254786 18,749459 48,535818 40877,691500 91,625375 -0,160795 
92,616784 503,260774 18,747654 48,530448 39530,851900 91,616784 -0,160794 
92,608104 503,263312 18,745436 48,524331 40482,958900 91,608104 -0,160794 
92,598601 503,267079 18,743338 48,519769 40254,669400 91,598601 -0,160794 
92,589122 503,271754 18,741297 48,513957 40590,621700 91,589122 -0,160794 
92,580568 503,276842 18,739175 48,509064 40656,414600 91,580568 -0,160794 
92,570937 503,280198 18,737221 48,503400 40310,310700 91,570937 -0,160793 
92,552552 503,290217 18,732973 48,492994 40906,651400 91,552552 -0,160793 
92,544419 503,294214 18,731007 48,487290 40923,153600 91,544419 -0,160793 
92,535766 503,299002 18,729057 48,482625 40781,618800 91,535766 -0,160792 
92,526566 503,299993 18,726921 48,477375 40676,008000 91,526566 -0,160792 
92,507790 503,308957 18,722884 48,466851 40766,030000 91,507790 -0,160792 
92,501027 503,311043 18,721080 48,462383 39519,205900 91,501027 -0,160792 
91,491216 503,732628 18,489086 47,865264 42261,975900 90,491216 -0,160770 
91,471584 503,736891 18,484662 47,853711 42663,287300 90,471584 -0,160770 
91,461132 503,739147 18,482595 47,848428 42742,209700 90,461132 -0,160770 
91,450666 503,742715 18,480207 47,843027 42132,801400 90,450666 -0,160770 
91,441954 503,753133 18,477940 47,837049 43380,496500 90,441954 -0,160769 
91,432229 503,756648 18,475892 47,831425 42942,311500 90,432229 -0,160769 
91,423852 503,760454 18,473772 47,825967 42279,012100 90,423852 -0,160769 
91,412018 503,765842 18,471875 47,821355 43169,889400 90,412018 -0,160768 
91,404336 503,768731 18,469388 47,815017 41845,505100 90,404336 -0,160768 
91,394758 503,771577 18,467255 47,809385 42341,313300 90,394758 -0,160768 
91,386999 503,777906 18,465014 47,804024 41152,478800 90,386999 -0,160768 
91,376010 503,776951 18,462882 47,797859 41430,263100 90,376010 -0,160768 
91,368028 503,784876 18,460641 47,792351 40046,837500 90,368028 -0,160768 
89,658839 504,542060 18,068053 46,782565 44894,109000 88,658839 -0,160729 
89,651390 504,540789 18,066060 46,777979 45036,420800 88,651390 -0,160729 
89,642501 504,546152 18,064330 46,773016 44992,729200 88,642501 -0,160728 
89,635452 504,553831 18,062308 46,768000 44699,484400 88,635452 -0,160728 
89,627989 504,555660 18,060422 46,763085 45817,624700 88,627989 -0,160728 
89,618583 504,558992 18,058446 46,758147 45140,391900 88,618583 -0,160728 
89,611310 504,563827 18,056663 46,752890 44502,136300 88,611310 -0,160728 
89,600597 504,568233 18,054667 46,748402 46054,674300 88,600597 -0,160727 
89,593828 504,571238 18,052715 46,743692 45274,223300 88,593828 -0,160727 
89,585891 504,574474 18,050903 46,738520 44509,893500 88,585891 -0,160727 
89,576497 504,575631 18,048989 46,733800 45357,249300 88,576497 -0,160727 
89,568356 504,575782 18,047093 46,729157 45359,066700 88,568356 -0,160727 
89,561992 504,584320 18,045200 46,724678 44909,588200 88,561992 -0,160726 
88,694809 505,008247 17,846768 46,212961 46837,143700 87,694809 -0,160705 
88,684985 505,015194 17,844826 46,208025 46925,020700 87,684985 -0,160704 
88,676246 505,023719 17,842537 46,202622 46743,799900 87,676246 -0,160704 
88,667046 505,026288 17,840232 46,196892 45771,344800 87,667046 -0,160704 
88,657872 505,029944 17,838238 46,191537 46769,444500 87,657872 -0,160704 
88,649293 505,033279 17,836357 46,186740 46017,023400 87,649293 -0,160703 
88,640134 505,036501 17,834163 46,180434 46485,703400 87,640134 -0,160703 
88,631083 505,041496 17,832050 46,175515 46660,972600 87,631083 -0,160703 
88,621838 505,045982 17,829975 46,170098 46963,014700 87,621838 -0,160703 
88,612859 505,045845 17,827907 46,165087 47159,078300 87,612859 -0,160703 
88,604410 505,054047 17,825969 46,159729 46152,414000 87,604410 -0,160702 
88,595674 505,059929 17,823559 46,153952 46699,553400 87,595674 -0,160702 
87,120562 505,836356 17,486444 45,284644 49587,336000 86,120562 -0,160662 
87,112339 505,845657 17,484046 45,279444 50051,468800 86,112339 -0,160662 
87,102849 505,849283 17,481954 45,273589 49131,951700 86,102849 -0,160662 
87,093476 505,853559 17,479861 45,268470 49509,590000 86,093476 -0,160661 
87,084384 505,859761 17,477305 45,262247 48997,126000 86,084384 -0,160661 
87,074151 505,867625 17,475240 45,256739 50155,190600 86,074151 -0,160661 
87,066063 505,869991 17,473132 45,250971 49050,861200 86,066063 -0,160661 
87,056022 505,877332 17,470756 45,245528 49459,705200 86,056022 -0,160660 
87,046769 505,880097 17,468692 45,239713 49757,891800 86,046769 -0,160660 
87,036135 505,884919 17,466615 45,234092 49679,540200 86,036135 -0,160660 
87,027580 505,892201 17,464376 45,228756 50737,604100 86,027580 -0,160659 
84,790648 507,173866 16,952101 43,909485 56087,572700 83,790648 -0,160594 
84,781599 507,174222 16,949867 43,904150 55300,701300 83,781599 -0,160594 
84,771175 507,178247 16,947461 43,898148 56378,564100 83,771175 -0,160594 
84,761371 507,189572 16,945255 43,892027 56188,098400 83,761371 -0,160593 
84,751879 507,191799 16,943171 43,886320 55498,760700 83,751879 -0,160593 
84,741932 507,194691 16,940886 43,881264 56715,672100 83,741932 -0,160593 
84,732845 507,204663 16,938646 43,875198 56216,315900 83,732845 -0,160592 
84,722581 507,209666 16,936387 43,869407 56088,958400 83,722581 -0,160592 
84,713281 507,220411 16,934324 43,864371 54817,004800 83,713281 -0,160592 
84,704608 507,226738 16,932139 43,858507 55244,234400 83,704608 -0,160591 
84,692726 507,230758 16,929987 43,852504 55973,503400 83,692726 -0,160591 
84,684167 507,244843 16,927552 43,846558 55228,391600 83,684167 -0,160590 
83,032772 508,303869 16,549091 42,870911 60961,702200 82,032772 -0,160537 
83,023632 508,308805 16,546474 42,865002 59779,713200 82,023632 -0,160536 
83,013418 508,315708 16,544273 42,859496 60580,754800 82,013418 -0,160536 
83,003988 508,322600 16,542283 42,853771 60142,018100 82,003988 -0,160536 
82,994720 508,325396 16,539899 42,847703 60386,779500 81,994720 -0,160535 
82,984134 508,336573 16,537819 42,842543 60660,107400 81,984134 -0,160535 
82,975189 508,339725 16,535647 42,836889 59656,735000 81,975189 -0,160535 
82,963626 508,345304 16,533288 42,830857 59849,839600 81,963626 -0,160534 
82,955405 508,352797 16,531154 42,825368 60601,933200 81,955405 -0,160534 
82,945907 508,355982 16,528942 42,819234 59880,494500 81,945907 -0,160534 
82,935799 508,361024 16,526634 42,814245 60039,176500 81,935799 -0,160534 
80,821991 509,822737 16,043208 41,567793 65745,819500 79,821991 -0,160460 
80,813186 509,829819 16,040898 41,562177 64908,646300 79,813186 -0,160459 
80,801964 509,834677 16,038703 41,555901 65893,945800 79,801964 -0,160459 
80,793241 509,847207 16,036337 41,549907 65788,345700 79,793241 -0,160458 
80,781992 509,856128 16,034038 41,543638 65329,095000 79,781992 -0,160458 
80,772520 509,861738 16,031476 41,537929 66158,715300 79,772520 -0,160458 
80,763653 509,866656 16,029206 41,531923 65647,943700 79,763653 -0,160457 
80,753030 509,877843 16,026993 41,525631 65542,323800 79,753030 -0,160457 
80,742712 509,886387 16,024597 41,520000 66343,743700 79,742712 -0,160456 
80,733434 509,893465 16,022381 41,514353 66319,891700 79,733434 -0,160456 
80,723610 509,894397 16,020179 41,508691 65964,745600 79,723610 -0,160456 
80,713799 509,899640 16,018010 41,502871 66104,564600 79,713799 -0,160456 
78,125630 511,913765 15,423135 39,968787 75950,465600 77,125630 -0,160354 
78,113083 511,927221 15,420400 39,962292 74913,636700 77,113083 -0,160353 
78,102410 511,938174 15,417775 39,955314 74770,207800 77,102410 -0,160353 
78,080271 511,957362 15,412267 39,941571 74542,636600 77,080271 -0,160352 
78,067010 511,965482 15,409689 39,934531 72836,914800 77,067010 -0,160351 
78,056269 511,973419 15,406984 39,927555 73705,406900 77,056269 -0,160351 
78,044629 511,979428 15,404521 39,921436 77824,203700 77,044629 -0,160351 
78,032998 511,988038 15,401923 39,914520 75655,558000 77,032998 -0,160350 
78,022347 511,999266 15,399325 39,907686 75361,879000 77,022347 -0,160350 
78,010559 512,010508 15,396610 39,900549 77535,564300 77,010559 -0,160349 
77,998478 512,020066 15,394072 39,894187 77919,423300 76,998478 -0,160349 
77,987513 512,028829 15,391312 39,887210 77650,547400 76,987513 -0,160348 
77,975936 512,040688 15,388597 39,880570 75437,630600 76,975936 -0,160348 
73,739007 515,721852 14,414682 37,368823 90086,129200 72,739007 -0,160163 
73,726069 515,730394 14,411285 37,359799 90640,265000 72,726069 -0,160163 
73,718727 515,739345 14,409432 37,355535 92376,219600 72,718727 -0,160162 
73,711448 515,752977 14,407694 37,351153 91342,077000 72,711448 -0,160162 
73,704237 515,758892 14,406372 37,347049 91378,891500 72,704237 -0,160161 
73,698858 515,763257 14,404490 37,342559 91126,737700 72,698858 -0,160161 
73,690389 515,764999 14,402888 37,338886 90940,299800 72,690389 -0,160161 
73,684354 515,767259 14,401322 37,333935 91229,199900 72,684354 -0,160161 
73,669378 515,785125 14,398148 37,326110 91482,444300 72,669378 -0,160160 
73,661478 515,790980 14,396334 37,321699 91770,778800 72,661478 -0,160160 
73,653837 515,798065 14,394730 37,316896 93162,730700 72,653837 -0,160160 
73,646271 515,806987 14,392922 37,313112 91558,881500 72,646271 -0,160159 
70,500921 518,963558 13,676205 35,462535 112258,879000 69,500921 -0,160002 
70,493967 518,973682 13,674464 35,458345 112426,393000 69,493967 -0,160002 
70,486120 518,979967 13,672717 35,453593 112632,426000 69,486120 -0,160002 
70,478004 518,988013 13,670867 35,449245 111263,270000 69,478004 -0,160001 
70,470380 518,995243 13,669153 35,444388 112645,606000 69,470380 -0,160001 
70,462828 519,005732 13,667333 35,439611 113166,747000 69,462828 -0,160000 
70,454242 519,009230 13,665503 35,434944 115488,931000 69,454242 -0,160000 
70,445933 519,018725 13,663922 35,430798 112600,891000 69,445933 -0,160000 
70,438918 519,027852 13,662216 35,425839 113024,586000 69,438918 -0,159999 
70,431301 519,036465 13,660313 35,421450 112832,955000 69,431301 -0,159999 
70,422785 519,046881 13,658461 35,416869 113805,159000 69,422785 -0,159998 
68,284620 521,399848 13,169410 34,153232 126686,911000 67,284620 -0,159882 
68,276938 521,406758 13,167510 34,148322 126759,662000 67,276938 -0,159882 
68,269916 521,414095 13,165692 34,143171 125934,818000 67,269916 -0,159882 
68,262015 521,425307 13,163968 34,138516 126645,388000 67,262015 -0,159881 
68,251256 521,434757 13,161869 34,133673 125222,003000 67,251256 -0,159881 
68,245302 521,442434 13,160067 34,129185 125630,521000 67,245302 -0,159880 
68,236930 521,448521 13,158449 34,124344 125072,510000 67,236930 -0,159880 
68,228424 521,459665 13,156422 34,119598 124876,669000 67,228424 -0,159879 
68,221403 521,469293 13,154687 34,115127 125423,692000 67,221403 -0,159879 
68,214227 521,481628 13,152902 34,110577 124932,981000 67,214227 -0,159878 
68,206243 521,489336 13,151079 34,105920 126926,824000 67,206243 -0,159878 
66,890267 523,036076 12,851434 33,331435 133882,001000 65,890267 -0,159802 
66,882284 523,045580 12,849465 33,326252 133071,451000 65,882284 -0,159802 
66,864092 523,070652 12,845415 33,315708 133336,334000 65,864092 -0,159800 
66,856944 523,086688 12,843257 33,310293 132987,484000 65,856944 -0,159800 
66,847466 523,098030 12,841290 33,305167 132965,244000 65,847466 -0,159799 
66,838420 523,108788 12,839365 33,300082 136266,327000 65,838420 -0,159799 
66,830640 523,117115 12,837393 33,295178 133957,869000 65,830640 -0,159798 
66,820190 523,126824 12,835429 33,289855 133181,049000 65,820190 -0,159798 
66,812687 523,137644 12,833363 33,284917 132062,593000 65,812687 -0,159797 
66,803849 523,144544 12,831400 33,279513 133516,066000 65,803849 -0,159797 
66,794797 523,158197 12,829501 33,274387 133354,013000 65,794797 -0,159796 
66,441642 523,571482 12,747682 33,063593 134721,344000 65,441642 -0,159776 
66,434323 523,583494 12,745920 33,059692 135328,989000 65,434323 -0,159775 
66,425942 523,594329 12,744327 33,055165 134666,489000 65,425942 -0,159775 
66,419361 523,607000 12,742788 33,051436 134726,045000 65,419361 -0,159774 
66,405133 523,625006 12,739370 33,042652 138324,306000 65,405133 -0,159773 
66,397493 523,635052 12,737652 33,038011 136285,007000 65,397493 -0,159773 
66,390050 523,641832 12,736207 33,034043 136199,174000 65,390050 -0,159773 
66,382861 523,652078 12,734561 33,030225 135602,507000 65,382861 -0,159772 
66,374609 523,662279 12,732833 33,025609 135801,009000 65,374609 -0,159772 
66,368767 523,675169 12,731228 33,021269 136128,018000 65,368767 -0,159771 
64,985799 525,386280 12,415233 32,204526 152720,508000 63,985799 -0,159688 
64,978467 525,393463 12,413528 32,200287 150345,501000 63,978467 -0,159687 
64,972304 525,407249 12,411792 32,195879 153277,415000 63,972304 -0,159687 
64,964846 525,417940 12,410114 32,191598 152342,455000 63,964846 -0,159686 
64,957232 525,424649 12,408458 32,187043 152531,981000 63,957232 -0,159686 
64,949813 525,434865 12,406771 32,182600 151589,980000 63,949813 -0,159685 
64,943222 525,446207 12,405108 32,178385 152493,542000 63,943222 -0,159685 
64,936310 525,457194 12,403579 32,174116 152035,470000 63,936310 -0,159684 
64,930014 525,470453 12,401808 32,169810 153830,908000 63,930014 -0,159683 
64,921066 525,477605 12,399978 32,165460 152803,005000 63,921066 -0,159683 
64,914236 525,488282 12,398366 32,161380 154133,785000 63,914236 -0,159683 
64,906540 525,497969 12,396690 32,156755 154156,025000 63,906540 -0,159682 
63,828952 526,935160 12,152387 31,524566 155868,898000 62,828952 -0,159612 
63,820205 526,940751 12,150082 31,518522 155773,326000 62,820205 -0,159612 
63,810154 526,949728 12,147984 31,512741 155659,508000 62,810154 -0,159612 
63,800032 526,959883 12,145696 31,507176 155703,874000 62,800032 -0,159611 
63,790560 526,972381 12,143491 31,501354 156386,897000 62,790560 -0,159611 
63,781376 526,988605 12,141312 31,495463 157137,507000 62,781376 -0,159610 
63,771219 527,004193 12,139140 31,490248 157160,177000 62,771219 -0,159609 
63,762495 527,019672 12,136978 31,484593 157253,234000 62,762495 -0,159608 
63,752457 527,031312 12,134859 31,478734 157345,039000 62,752457 -0,159608 
63,744138 527,042869 12,132558 31,473406 157416,027000 62,744138 -0,159607 
63,734236 527,055714 12,130495 31,467690 157791,211000 62,734236 -0,159607 
62,134755 529,242101 11,768152 30,530337 170156,876000 61,134755 -0,159501 
62,124093 529,257914 11,765814 30,524469 170915,746000 61,124093 -0,159500 
62,114208 529,271893 11,763482 30,518327 170796,468000 61,114208 -0,159500 
62,103516 529,285731 11,761170 30,512354 169757,330000 61,103516 -0,159499 
62,093799 529,295019 11,758852 30,506198 170648,320000 61,093799 -0,159498 
62,073333 529,330332 11,754303 30,494630 171881,718000 61,073333 -0,159497 
62,065031 529,343921 11,751922 30,488399 170869,470000 61,065031 -0,159496 
62,054834 529,359120 11,749466 30,482324 171869,716000 61,054834 -0,159495 
62,045087 529,368871 11,747202 30,476082 172017,705000 61,045087 -0,159495 
62,035337 529,382404 11,745043 30,470429 172612,107000 61,035337 -0,159494 
60,131983 532,191515 11,311584 29,349477 188505,592000 59,131983 -0,159359 
60,122769 532,212242 11,309379 29,343682 188304,406000 59,122769 -0,159358 
60,114183 532,227517 11,307193 29,337968 188678,168000 59,114183 -0,159358 
60,102988 532,239278 11,304889 29,331840 187669,406000 59,102988 -0,159357 
60,093556 532,253644 11,302599 29,326088 187841,129000 59,093556 -0,159356 
60,084789 532,266833 11,300345 29,320318 187908,992000 59,084789 -0,159356 
60,074398 532,279308 11,298064 29,314717 187240,015000 59,074398 -0,159355 
60,065275 532,294643 11,296078 29,308891 187271,394000 59,065275 -0,159355 
60,055413 532,310449 11,293783 29,303288 188632,204000 59,055413 -0,159354 
60,046549 532,326205 11,291620 29,297171 187666,175000 59,046549 -0,159353 
60,036557 532,343029 11,289359 29,291606 188654,326000 59,036557 -0,159352 
58,564728 534,654380 10,954338 28,424776 196544,211000 57,564728 -0,159242 
58,553584 534,671561 10,952071 28,418725 197318,015000 57,553584 -0,159241 
58,543912 534,687936 10,949750 28,412628 198809,440000 57,543912 -0,159240 
58,534520 534,702837 10,947456 28,407162 198943,053000 57,534520 -0,159240 
58,524802 534,718641 10,945228 28,400987 197206,602000 57,524802 -0,159239 
58,516355 534,734855 10,943022 28,395167 197530,878000 57,516355 -0,159238 
58,505627 534,750613 10,940671 28,389402 198133,455000 57,505627 -0,159237 
58,496064 534,767224 10,938405 28,383690 198412,682000 57,496064 -0,159237 
58,486294 534,784095 10,936159 28,377806 196969,962000 57,486294 -0,159236 
58,477615 534,797403 10,934041 28,371861 197589,563000 57,477615 -0,159235 
58,467108 534,816120 10,931611 28,366346 199229,585000 57,467108 -0,159234 
57,435370 536,512029 10,699111 27,763510 213124,909000 56,435370 -0,159154 
57,424587 536,528961 10,696849 27,757888 213151,005000 56,424587 -0,159153 
57,413343 536,546789 10,694437 27,751638 213614,426000 56,413343 -0,159152 
57,404236 536,565465 10,692262 27,745991 213573,061000 56,404236 -0,159151 
57,394137 536,575705 10,689971 27,740195 211057,592000 56,394137 -0,159151 
57,384753 536,592791 10,687657 27,734012 211926,893000 56,384753 -0,159150 
57,373814 536,612369 10,685420 27,727920 212928,629000 56,373814 -0,159149 
57,364002 536,632244 10,683073 27,721985 211257,761000 56,364002 -0,159148 
57,352467 536,649351 10,680809 27,716267 213451,760000 56,352467 -0,159147 
57,343696 536,667155 10,678447 27,710417 212436,498000 56,343696 -0,159147 
57,332982 536,680901 10,676169 27,704391 213977,394000 56,332982 -0,159146 
56,114416 538,794623 10,399925 26,988887 225523,391000 55,114416 -0,159046 
56,105778 538,815736 10,397646 26,983285 225184,950000 55,105778 -0,159045 
56,096381 538,835196 10,395495 26,977614 225720,041000 55,096381 -0,159044 
56,076980 538,870152 10,390983 26,966146 226946,272000 55,076980 -0,159043 
56,067132 538,885285 10,388788 26,960500 225086,904000 55,067132 -0,159042 
56,057476 538,900751 10,386624 26,954779 226315,865000 55,057476 -0,159041 
56,047972 538,918429 10,384302 26,949041 225910,022000 55,047972 -0,159040 
56,038397 538,936508 10,382239 26,943433 225227,285000 55,038397 -0,159040 
56,028946 538,953703 10,380237 26,937802 226403,006000 55,028946 -0,159039 
56,019882 538,970157 10,377891 26,932581 228328,186000 55,019882 -0,159038 
56,009259 538,986688 10,375844 26,926617 227092,171000 55,009259 -0,159037 
56,000916 539,002536 10,373686 26,921064 227436,829000 55,000916 -0,159037 
55,991372 539,018846 10,371374 26,915571 227621,406000 54,991372 -0,159036 
55,982549 539,037075 10,369229 26,910062 228582,820000 54,982549 -0,159035 
55,964534 539,065829 10,365159 26,899382 228829,208000 54,964534 -0,159034 
55,936618 539,110856 10,358893 26,882651 229311,499000 54,936618 -0,159031 
55,927519 539,128367 10,356798 26,877508 229406,357000 54,927519 -0,159031 
55,918726 539,142913 10,354666 26,871816 230034,963000 54,918726 -0,159030 
55,909704 539,161143 10,352567 26,866470 230804,007000 54,909704 -0,159029 
55,340662 540,197049 10,224227 26,534363 232625,437000 54,340662 -0,158980 
55,330929 540,215246 10,222200 26,528463 232880,091000 54,330929 -0,158980 
55,322724 540,231948 10,219995 26,522899 234097,865000 54,322724 -0,158979 
55,310995 540,249635 10,217752 26,517336 232367,104000 54,310995 -0,158978 
55,303945 540,267099 10,215513 26,511291 231690,283000 54,303945 -0,158977 
55,293649 540,288631 10,213487 26,505774 231653,652000 54,293649 -0,158976 
55,283065 540,305254 10,211169 26,500197 231881,174000 54,283065 -0,158975 
55,274460 540,323269 10,209058 26,494587 232188,006000 54,274460 -0,158975 
55,264199 540,338686 10,206968 26,489117 231928,195000 54,264199 -0,158974 
55,255883 540,356892 10,204717 26,483562 231087,178000 54,255883 -0,158973 
55,245613 540,374326 10,202472 26,477735 232245,266000 54,245613 -0,158972 
53,802300 543,109127 9,874497 25,627749 247276,038000 52,802300 -0,158844 
53,792208 543,126016 9,872326 25,622122 248347,817000 52,792208 -0,158844 
53,782183 543,143211 9,870301 25,616870 245889,783000 52,782183 -0,158843 
53,775185 543,160436 9,868172 25,611503 243883,456000 52,775185 -0,158842 
53,764542 543,180565 9,866240 25,605948 244950,705000 52,764542 -0,158841 
53,757376 543,201165 9,864075 25,600711 253883,242000 52,757376 -0,158840 
53,746484 543,217253 9,861822 25,595186 251718,105000 52,746484 -0,158839 
53,736501 543,231246 9,859960 25,589810 250980,231000 52,736501 -0,158839 
53,728311 543,246070 9,857928 25,584495 251909,886000 52,728311 -0,158838 
53,718432 543,265274 9,855869 25,579453 253095,654000 52,718432 -0,158837 
53,709651 543,281374 9,853732 25,574053 251782,795000 52,709651 -0,158836 
53,700554 543,296573 9,851629 25,569003 255522,440000 52,700554 -0,158836 
53,681122 543,331820 9,847662 25,558174 254950,548000 52,681122 -0,158834 
53,673712 543,346052 9,845655 25,552934 256487,155000 52,673712 -0,158833 
53,664066 543,364254 9,843463 25,547514 258081,857000 52,664066 -0,158833 
51,729922 547,254185 9,401244 24,401535 290742,973000 50,729922 -0,158652 
51,722074 547,266860 9,399703 24,397503 289203,765000 50,722074 -0,158652 
51,714751 547,282633 9,397983 24,392824 288931,910000 50,714751 -0,158651 
51,707258 547,294768 9,396409 24,388808 291685,661000 50,707258 -0,158651 
51,700477 547,310576 9,394839 24,384571 290530,046000 50,700477 -0,158650 
51,693478 547,324403 9,393002 24,380618 290296,495000 50,693478 -0,158649 
51,686542 547,338210 9,391434 24,375893 288486,446000 50,686542 -0,158649 
51,678275 547,350299 9,389657 24,371536 286530,897000 50,678275 -0,158648 
51,671819 547,366869 9,387997 24,367412 284782,540000 50,671819 -0,158647 
51,663422 547,380343 9,386274 24,362872 282837,207000 50,663422 -0,158647 
51,650469 547,408107 9,383198 24,354586 281196,390000 50,650469 -0,158645 
50,228673 550,445385 9,060042 23,516570 304279,967000 49,228673 -0,158506 
50,222232 550,463632 9,058521 23,512336 305031,714000 49,222232 -0,158505 
50,215433 550,480541 9,056943 23,508554 306112,554000 49,215433 -0,158504 
50,208818 550,497479 9,055345 23,504535 299458,069000 49,208818 -0,158504 
50,201815 550,513406 9,053728 23,500276 304688,670000 49,201815 -0,158503 
50,195589 550,526759 9,052190 23,496346 305301,784000 49,195589 -0,158502 
50,188807 550,540310 9,050755 23,492378 314399,976000 49,188807 -0,158502 
50,182537 550,552719 9,049139 23,488119 319946,385000 49,182537 -0,158501 
50,169788 550,586194 9,045940 23,480053 307073,747000 49,169788 -0,158500 
50,154334 550,619187 9,042962 23,472207 309290,554000 49,154334 -0,158498 
50,148555 550,634728 9,041373 23,468198 308551,109000 49,148555 -0,158497 
50,140548 550,649681 9,039850 23,464233 308543,316000 49,140548 -0,158497 
50,134446 550,666026 9,038296 23,460054 299117,437000 49,134446 -0,158496 
49,343698 552,419210 8,861592 23,001208 320655,854000 48,343698 -0,158416 
49,336367 552,439676 8,859596 22,996387 315992,824000 48,336367 -0,158415 
49,326186 552,456637 8,857679 22,991413 326671,864000 48,326186 -0,158414 
49,317961 552,477919 8,856005 22,986520 323293,679000 48,317961 -0,158413 
49,309698 552,497063 8,853878 22,981833 322793,271000 48,309698 -0,158412 
49,301495 552,515112 8,852123 22,977030 300142,991000 48,301495 -0,158412 
49,294070 552,534184 8,850300 22,972185 303712,020000 48,294070 -0,158411 
49,286398 552,555571 8,848394 22,967094 299729,746000 48,286398 -0,158410 
49,277610 552,576421 8,846667 22,962413 289441,205000 48,277610 -0,158409 
49,267507 552,593994 8,844698 22,957705 287792,514000 48,267507 -0,158408 
49,235783 552,665502 8,837518 22,938719 298311,423000 48,235783 -0,158405 
49,195960 552,757473 8,828347 22,915083 296123,237000 48,195960 -0,158401 
47,697621 556,243644 8,490154 22,037244 323576,489000 46,697621 -0,158243 
47,671082 556,311494 8,483872 22,020915 326271,006000 46,671082 -0,158240 
47,661878 556,336200 8,481855 22,016083 324981,866000 46,661878 -0,158239 
47,652614 556,357854 8,479798 22,010653 325035,770000 46,652614 -0,158238 
47,643983 556,379023 8,477793 22,005350 323217,592000 46,643983 -0,158237 
47,635051 556,398580 8,475720 21,999926 324345,645000 46,635051 -0,158236 
47,616418 556,444619 8,471535 21,989320 327069,355000 46,616418 -0,158234 
47,599216 556,484549 8,467476 21,978284 328264,643000 46,599216 -0,158232 
47,556225 556,589739 8,457464 21,952516 326146,247000 46,556225 -0,158227 
47,546996 556,608998 8,455436 21,947253 325984,706000 46,546996 -0,158226 
47,537578 556,630345 8,453392 21,941920 324583,958000 46,537578 -0,158225 
45,235392 562,436268 7,925920 20,572639 421762,939000 44,235392 -0,157965 
45,216844 562,483392 7,922121 20,562629 413395,482000 44,216844 -0,157963 
45,200018 562,531534 7,918193 20,552388 418281,743000 44,200018 -0,157961 
45,189750 562,553501 7,916221 20,547355 415263,374000 44,189750 -0,157960 
45,181919 562,575318 7,914306 20,542266 421032,952000 44,181919 -0,157959 
45,176611 562,596757 7,912226 20,537394 417657,746000 44,176611 -0,157958 
45,166326 562,618947 7,910421 20,532415 417321,920000 44,166326 -0,157957 
45,158650 562,638932 7,908516 20,527335 425055,807000 44,158650 -0,157956 
45,141314 562,684393 7,904715 20,517340 414109,290000 44,141314 -0,157954 
45,135449 562,704675 7,902700 20,512321 415819,338000 44,135449 -0,157954 
45,117709 562,749677 7,899043 20,502607 415647,965000 44,117709 -0,157952 
45,109911 562,769687 7,897151 20,497488 415878,788000 44,109911 -0,157951 
42,894068 568,873203 7,390337 19,180843 467102,968000 41,894068 -0,157681 
42,885162 568,899132 7,388166 19,174900 457524,982000 41,885162 -0,157680 
42,875220 568,924710 7,385926 19,169434 454861,949000 41,875220 -0,157679 
42,864637 568,951979 7,383761 19,163587 461400,761000 41,864637 -0,157678 
42,852469 568,978697 7,381586 19,157694 454653,480000 41,852469 -0,157677 
42,842231 569,008197 7,379360 19,152123 462833,442000 41,842231 -0,157676 
42,833034 569,035600 7,377074 19,146222 458396,252000 41,833034 -0,157674 
42,823662 569,059848 7,374864 19,140643 456858,989000 41,823662 -0,157673 
42,802486 569,116097 7,370488 19,129109 459409,420000 41,802486 -0,157671 
42,792293 569,144667 7,368242 19,123279 462037,739000 41,792293 -0,157670 
42,771733 569,193950 7,363699 19,111854 464053,238000 41,771733 -0,157667 
42,761091 569,218665 7,361550 19,106250 462146,397000 41,761091 -0,157666 
39,597041 578,829513 6,638850 17,227513 523176,885000 38,597041 -0,157251 
39,588054 578,857751 6,636906 17,222309 521650,939000 38,588054 -0,157249 
39,579034 578,887865 6,634874 17,217224 524094,432000 38,579034 -0,157248 
39,571804 578,918542 6,633043 17,212124 522158,474000 38,571804 -0,157247 
39,562824 578,944490 6,631101 17,207201 521381,494000 38,562824 -0,157246 
39,554602 578,971906 6,629163 17,202241 522221,455000 38,554602 -0,157244 
39,538340 579,022566 6,625298 17,192165 524295,165000 38,538340 -0,157242 
39,529752 579,048616 6,623406 17,187123 524160,130000 38,529752 -0,157241 
39,520722 579,071923 6,621431 17,182118 523301,170000 38,520722 -0,157240 
39,513271 579,099077 6,619520 17,177301 522565,243000 38,513271 -0,157239 
39,504515 579,124753 6,617617 17,172117 522953,285000 38,504515 -0,157238 
39,498400 579,148611 6,615765 17,167373 524529,401000 38,498400 -0,157237 
39,489325 579,171951 6,613840 17,162297 524191,414000 38,489325 -0,157236 
39,480913 579,197019 6,611915 17,157336 523880,005000 38,480913 -0,157235 
39,447348 579,303047 6,604490 17,138210 522766,329000 38,447348 -0,157230 
31,098094 611,744878 4,716023 12,226969 712617,791000 30,098094 -0,155892 
31,099465 611,719580 4,715955 12,226876 711741,484000 30,099465 -0,155893 
31,099086 611,693390 4,715937 12,226882 712627,404000 30,099086 -0,155894 
31,102401 611,666957 4,716070 12,227250 710662,680000 30,102401 -0,155896 
31,103652 611,637697 4,716230 12,227767 711704,625000 30,103652 -0,155897 
31,107348 611,608442 4,716519 12,228689 711981,863000 30,107348 -0,155898 
31,109407 611,575726 4,716907 12,229677 710722,626000 30,109407 -0,155899 
31,114215 611,544637 4,717382 12,230966 706015,674000 30,114215 -0,155900 
31,116648 611,513455 4,717948 12,232388 704881,354000 30,116648 -0,155902 
31,125430 611,445718 4,719212 12,235874 709370,563000 30,125430 -0,155904 
31,135832 611,374401 4,720855 12,240466 709294,059000 30,135832 -0,155907 
26,731048 633,253066 3,751431 9,709556 796832,185000 25,731048 -0,155056 
26,734871 633,254639 3,752581 9,712790 796882,581000 25,734871 -0,155056 
26,738884 633,247856 3,753623 9,715359 798537,709000 25,738884 -0,155056 
26,740728 633,244359 3,754238 9,717469 798752,971000 25,740728 -0,155056 
26,745997 633,231377 3,755373 9,720218 797655,478000 25,745997 -0,155057 
26,747820 633,228264 3,755850 9,721107 798011,837000 25,747820 -0,155057 
26,751247 633,216761 3,756783 9,723220 796401,255000 25,751247 -0,155057 
26,753090 633,214312 3,757194 9,724230 796128,131000 25,753090 -0,155057 
26,755215 633,208283 3,757962 9,726613 795402,680000 25,755215 -0,155058 
26,759285 633,196128 3,758852 9,729720 794757,993000 25,759285 -0,155058 
26,762553 633,189213 3,759408 9,731792 795530,947000 25,762553 -0,155058 
26,769299 633,162082 3,761147 9,737205 794485,818000 25,769299 -0,155059 
26,781114 633,105463 3,763562 9,744565 796603,257000 25,781114 -0,155061 
22,864957 657,469327 2,830319 7,299393 870583,808000 21,864957 -0,154157 
22,859197 657,525639 2,830236 7,299601 871015,691000 21,859197 -0,154155 
22,853197 657,640812 2,830272 7,299549 866293,727000 21,853197 -0,154151 
22,846082 657,780186 2,830217 7,299391 868592,410000 21,846082 -0,154146 
22,837135 657,924820 2,830266 7,299465 872422,427000 21,837135 -0,154141 
22,828642 658,148333 2,830315 7,299379 873065,465000 21,828642 -0,154133 
22,819315 658,305128 2,830293 7,299148 874198,702000 21,819315 -0,154127 
22,804062 658,693542 2,830315 7,298782 869733,711000 21,804062 -0,154113 
22,794477 658,826361 2,830267 7,299242 870457,520000 21,794477 -0,154108 
22,786994 658,905229 2,830219 7,299063 870341,995000 21,786994 -0,154106 
22,781797 659,073382 2,830248 7,299161 875768,515000 21,781797 -0,154099 
22,776072 659,185843 2,830172 7,298789 873219,171000 21,776072 -0,154095 
22,769538 659,138956 2,830111 7,298572 873550,787000 21,769538 -0,154097 
22,770286 658,996310 2,830143 7,298483 873886,526000 21,770286 -0,154102 
22,118038 662,281168 2,830059 7,298225 880218,371000 21,118038 -0,153984 
22,116319 662,278327 2,830035 7,298056 880673,830000 21,116319 -0,153984 
22,116667 662,276783 2,830042 7,298149 879769,568000 21,116667 -0,153984 
22,116953 662,274183 2,830051 7,298255 880746,927000 21,116953 -0,153984 
22,116027 662,274654 2,830120 7,298148 883421,343000 21,116027 -0,153984 
22,115437 662,275439 2,829980 7,298148 882208,516000 21,115437 -0,153984 
22,115878 662,275771 2,830085 7,298417 875046,583000 21,115878 -0,153984 
22,115333 662,276729 2,830029 7,298251 876662,980000 21,115333 -0,153984 
22,115280 662,277217 2,829988 7,298253 879814,436000 21,115280 -0,153984 
22,115434 662,275830 2,830034 7,298282 877580,482000 21,115434 -0,153984 
22,116177 662,273230 2,830161 7,298127 877682,640000 21,116177 -0,153984 
22,115296 662,272181 2,830048 7,298239 880862,238000 21,115296 -0,153984 
22,117264 662,274827 2,829991 7,298008 877700,431000 21,117264 -0,153984 
22,115547 662,272508 2,830139 7,298570 881342,942000 21,115547 -0,153984 
21,976342 664,038102 2,829519 7,296811 889758,956000 20,976342 -0,153921 
21,975820 664,038681 2,829575 7,297094 889932,401000 20,975820 -0,153921 
21,975257 664,037977 2,829568 7,297052 887710,349000 20,975257 -0,153921 
21,974326 664,039941 2,829627 7,297033 890267,357000 20,974326 -0,153921 
21,973814 664,039390 2,829484 7,296850 890488,795000 20,973814 -0,153921 
21,974338 664,037604 2,829566 7,297006 889960,660000 20,974338 -0,153921 
21,974228 664,041165 2,829470 7,296999 889254,039000 20,974228 -0,153921 
21,974621 664,036831 2,829481 7,296830 891118,590000 20,974621 -0,153921 
21,974728 664,037968 2,829525 7,297163 890796,075000 20,974728 -0,153921 
21,974215 664,038378 2,829494 7,296863 891570,669000 20,974215 -0,153921 
21,974458 664,037698 2,829501 7,296991 889420,385000 20,974458 -0,153921 
21,973659 664,036576 2,829532 7,296904 890337,574000 20,973659 -0,153921 
21,992630 663,977743 2,829702 7,297328 892566,911000 20,992630 -0,153923 
21,992222 663,973675 2,829708 7,297326 891470,703000 20,992222 -0,153923 
21,991440 663,972778 2,829614 7,297463 892427,243000 20,991440 -0,153923 
21,990739 663,972212 2,829805 7,297365 891849,488000 20,990739 -0,153924 
21,990684 663,971640 2,829894 7,297608 889285,857000 20,990684 -0,153924 
21,989595 663,973211 2,829831 7,297726 889071,592000 20,989595 -0,153923 
21,989750 663,976971 2,829938 7,297777 888588,714000 20,989750 -0,153923 
21,990430 663,980367 2,829891 7,297657 890075,534000 20,990430 -0,153923 
21,988385 663,973494 2,829741 7,297592 888620,449000 20,988385 -0,153923 
21,987924 663,975026 2,829772 7,297570 890221,248000 20,987924 -0,153923 
21,988242 663,978753 2,829796 7,297545 890375,834000 20,988242 -0,153923 
21,987283 663,982978 2,829764 7,297582 886630,772000 20,987283 -0,153923 
