110,523586 500,200627 22,910824 59,222739 22629,865500 109,523586 -0,160953 
110,522745 500,198345 22,911011 59,222805 21993,955100 109,522745 -0,160953 
110,523113 500,199722 22,911096 59,222907 21721,072400 109,523113 -0,160953 
110,524197 500,199546 22,911016 59,222918 22121,307100 109,524197 -0,160953 
110,524002 500,200413 22,910882 59,223229 21962,589800 109,524002 -0,160953 
110,523744 500,202691 22,910815 59,222682 22076,224800 109,523744 -0,160953 
110,525797 500,202581 22,910902 59,223291 21567,864300 109,525797 -0,160953 
110,525016 500,199670 22,910875 59,222933 21891,411000 109,525016 -0,160953 
110,526030 500,201489 22,911031 59,222573 21637,946800 109,526030 -0,160953 
110,526308 500,199953 22,911013 59,223095 21644,405200 109,526308 -0,160953 
110,525742 500,198607 22,910885 59,222797 22024,064500 109,525742 -0,160953 
110,525950 500,202463 22,910927 59,223095 22208,595400 109,525950 -0,160953 
110,526770 500,201419 22,910949 59,223501 22117,799300 109,526770 -0,160953 
110,527333 500,199616 22,911122 59,223948 22043,701400 109,527333 -0,160953 
110,527122 500,201243 22,911103 59,223850 21702,563500 109,527122 -0,160953 
110,527571 500,201526 22,911057 59,223799 21001,170700 109,527571 -0,160953 
110,527637 500,202225 22,911148 59,223829 21414,593100 109,527637 -0,160953 
110,528340 500,202911 22,911217 59,223453 20998,948200 109,528340 -0,160953 
110,528905 500,204650 22,911200 59,224263 21148,577200 109,528905 -0,160952 
110,528303 500,205041 22,911251 59,223788 20658,850900 109,528303 -0,160952 
